CenterLanePathFar
808
0.000 0.005 0.499 49.898 0.000 0.010 0.000 0.979
0.000 0.010 0.499 0.000 0.000 0.010 0.000 0.979
0.000 0.020 0.998 49.898 0.000 0.010 0.000 0.979
0.001 0.030 0.998 0.000 0.000 0.010 0.001 0.979
0.001 0.040 0.998 -0.000 0.000 0.010 0.001 0.979
0.002 0.050 0.998 0.000 0.000 0.010 0.002 0.979
0.002 0.060 0.998 -0.000 0.000 0.010 0.002 0.979
0.003 0.070 0.998 -0.000 0.000 0.010 0.003 0.979
0.004 0.080 0.998 0.000 0.000 0.010 0.004 0.979
0.005 0.090 0.998 0.000 0.000 0.010 0.005 0.979
0.006 0.100 0.998 -0.000 0.000 0.010 0.006 0.979
0.007 0.110 0.998 0.000 0.000 0.010 0.007 0.979
0.008 0.120 0.998 -0.000 0.000 0.010 0.008 0.979
0.009 0.130 0.998 0.000 0.000 0.010 0.009 0.979
0.011 0.140 0.998 -0.000 0.000 0.010 0.011 0.979
0.012 0.150 0.998 0.000 0.000 0.010 0.012 0.979
0.014 0.160 0.998 0.000 0.000 0.010 0.014 0.979
0.015 0.170 0.998 0.000 0.000 0.010 0.015 0.979
0.017 0.180 0.998 -0.000 0.000 0.010 0.017 0.979
0.019 0.190 0.998 0.000 0.000 0.010 0.019 0.979
0.021 0.200 0.998 -0.000 0.000 0.010 0.021 0.979
0.023 0.210 0.998 0.000 0.000 0.010 0.023 0.979
0.025 0.220 0.998 0.000 0.000 0.010 0.025 0.979
0.028 0.230 0.998 0.000 0.000 0.010 0.028 0.979
0.030 0.240 0.998 0.000 0.000 0.010 0.030 0.979
0.032 0.249 0.998 -0.000 0.000 0.010 0.032 0.979
0.035 0.259 0.998 0.000 0.000 0.010 0.035 0.979
0.038 0.269 0.998 -0.000 0.000 0.010 0.038 0.979
0.041 0.279 0.998 -0.000 0.000 0.010 0.041 0.979
0.043 0.289 0.998 0.000 0.000 0.010 0.043 0.979
0.046 0.299 0.998 -0.000 0.000 0.010 0.046 0.979
0.050 0.309 0.998 -0.000 0.000 0.010 0.050 0.979
0.053 0.319 0.998 0.000 0.000 0.010 0.053 0.979
0.056 0.329 0.998 -0.000 0.000 0.010 0.056 0.979
0.059 0.339 0.998 0.000 0.000 0.010 0.059 0.979
0.063 0.349 0.998 -0.000 0.000 0.010 0.063 0.979
0.066 0.359 0.998 0.000 0.000 0.010 0.066 0.979
0.070 0.369 0.998 -0.000 0.000 0.010 0.070 0.979
0.074 0.379 0.998 -0.000 0.000 0.010 0.074 0.979
0.078 0.389 0.998 0.000 0.000 0.010 0.078 0.979
0.082 0.399 0.998 -0.000 0.000 0.010 0.082 0.979
0.086 0.409 0.998 -0.000 0.000 0.010 0.086 0.979
0.090 0.419 0.998 0.000 0.000 0.010 0.090 0.979
0.094 0.429 0.998 -0.000 0.000 0.010 0.094 0.979
0.099 0.439 0.998 0.000 0.000 0.010 0.099 0.979
0.103 0.449 0.998 -0.000 0.000 0.010 0.103 0.979
0.108 0.459 0.998 0.000 0.000 0.010 0.108 0.979
0.113 0.469 0.998 0.000 0.000 0.010 0.113 0.979
0.117 0.479 0.998 -0.000 0.000 0.010 0.117 0.979
0.122 0.489 0.998 0.000 0.000 0.010 0.122 0.979
0.127 0.499 0.998 -0.000 0.000 0.010 0.127 0.979
0.132 0.509 0.998 0.000 0.000 0.010 0.132 0.979
0.138 0.519 0.998 0.000 0.000 0.010 0.138 0.979
0.143 0.529 0.998 -0.000 0.000 0.010 0.143 0.979
0.148 0.539 0.998 0.000 0.000 0.010 0.148 0.979
0.154 0.549 0.998 0.000 0.000 0.010 0.154 0.979
0.159 0.559 0.998 0.000 0.000 0.010 0.159 0.979
0.165 0.569 0.998 0.000 0.000 0.010 0.165 0.979
0.171 0.579 0.998 0.000 0.000 0.010 0.171 0.979
0.177 0.589 0.998 -0.000 0.000 0.010 0.177 0.979
0.183 0.599 0.998 0.000 0.000 0.010 0.183 0.979
0.189 0.609 0.998 -0.000 0.000 0.010 0.189 0.979
0.195 0.619 0.998 0.000 0.000 0.010 0.195 0.979
0.201 0.629 0.998 0.000 0.000 0.010 0.201 0.979
0.208 0.639 0.998 -0.000 0.000 0.010 0.208 0.979
0.214 0.649 0.998 0.000 0.000 0.010 0.214 0.979
0.221 0.659 0.998 -0.000 0.000 0.010 0.221 0.979
0.227 0.669 0.998 -0.000 0.000 0.010 0.227 0.979
0.234 0.679 0.998 0.000 0.000 0.010 0.234 0.979
0.241 0.689 0.998 -0.000 0.000 0.010 0.241 0.979
0.248 0.699 0.998 0.000 0.000 0.010 0.248 0.979
0.255 0.709 0.998 0.000 0.000 0.010 0.255 0.979
0.262 0.719 0.998 -0.000 0.000 0.010 0.262 0.979
0.270 0.729 0.998 0.000 0.000 0.010 0.270 0.979
0.277 0.738 0.998 -0.000 0.000 0.010 0.277 0.979
0.284 0.748 0.998 0.000 0.000 0.010 0.284 0.979
0.292 0.758 0.998 0.000 0.000 0.010 0.292 0.979
0.300 0.768 0.998 -0.000 0.000 0.010 0.300 0.979
0.307 0.778 0.998 0.000 0.000 0.010 0.307 0.979
0.315 0.788 0.998 -0.000 0.000 0.010 0.315 0.979
0.323 0.798 0.998 0.000 0.000 0.010 0.323 0.979
0.331 0.808 0.998 -0.000 0.000 0.010 0.331 0.979
0.340 0.818 0.998 0.000 0.000 0.010 0.340 0.979
0.348 0.828 0.998 -0.000 0.000 0.010 0.348 0.979
0.356 0.838 0.998 0.000 0.000 0.010 0.356 0.979
0.365 0.848 0.998 -0.000 0.000 0.010 0.365 0.979
0.373 0.858 0.998 0.000 0.000 0.010 0.373 0.979
0.382 0.868 0.998 0.000 0.000 0.010 0.382 0.979
0.391 0.878 0.998 -0.000 0.000 0.010 0.391 0.979
0.400 0.888 0.998 0.000 0.000 0.010 0.400 0.979
0.409 0.898 0.998 -0.000 0.000 0.010 0.409 0.979
0.418 0.908 0.998 0.000 0.000 0.010 0.418 0.979
0.427 0.918 0.998 -0.000 0.000 0.010 0.427 0.979
0.436 0.928 0.998 0.000 0.000 0.010 0.436 0.979
0.446 0.938 0.998 0.000 0.000 0.010 0.446 0.979
0.455 0.948 0.998 -0.000 0.000 0.010 0.455 0.979
0.465 0.958 0.998 -0.000 0.000 0.010 0.465 0.979
0.474 0.968 0.998 -0.000 0.000 0.010 0.474 0.979
0.484 0.978 0.998 0.000 0.000 0.010 0.484 0.979
0.494 0.988 0.998 0.000 0.000 0.010 0.494 0.979
0.504 0.998 0.998 -0.000 0.000 0.010 0.504 0.979
0.514 1.008 0.998 0.000 0.000 0.010 0.514 0.979
0.524 1.018 0.998 -0.000 0.000 0.010 0.524 0.979
0.535 1.028 0.998 0.000 0.000 0.010 0.535 0.979
0.545 1.038 0.998 0.000 0.000 0.010 0.545 0.979
0.555 1.048 0.998 0.000 0.000 0.010 0.555 0.979
0.566 1.058 0.998 -0.000 0.000 0.010 0.566 0.979
0.577 1.068 0.998 0.000 0.000 0.010 0.577 0.979
0.587 1.078 0.998 0.000 0.000 0.010 0.587 0.979
0.598 1.088 0.998 -0.000 0.000 0.010 0.598 0.979
0.609 1.098 0.998 0.000 0.000 0.010 0.609 0.979
0.620 1.108 0.998 -0.000 0.000 0.010 0.620 0.979
0.632 1.118 0.998 0.000 0.000 0.010 0.632 0.979
0.643 1.128 0.998 0.000 0.000 0.010 0.643 0.979
0.654 1.138 0.998 -0.000 0.000 0.010 0.654 0.979
0.666 1.148 0.998 0.000 0.000 0.010 0.666 0.979
0.677 1.158 0.998 0.000 0.000 0.010 0.677 0.979
0.689 1.168 0.998 -0.000 0.000 0.010 0.689 0.979
0.701 1.178 0.998 0.000 0.000 0.010 0.701 0.979
0.713 1.188 0.998 0.000 0.000 0.010 0.713 0.979
0.725 1.198 0.998 0.000 0.000 0.010 0.725 0.979
0.737 1.208 0.998 -0.000 0.000 0.010 0.737 0.979
0.749 1.218 0.998 0.000 0.000 0.010 0.749 0.979
0.761 1.228 0.998 -0.000 0.000 0.010 0.761 0.979
0.773 1.237 0.998 0.000 0.000 0.010 0.773 0.979
0.786 1.247 0.998 -0.000 0.000 0.010 0.786 0.979
0.798 1.257 0.998 -0.000 0.000 0.010 0.798 0.979
0.811 1.267 0.998 0.000 0.000 0.010 0.811 0.979
0.824 1.277 0.998 0.000 0.000 0.010 0.824 0.979
0.837 1.287 0.998 -0.000 0.000 0.010 0.837 0.979
0.850 1.297 0.998 0.000 0.000 0.010 0.850 0.979
0.863 1.307 0.998 0.000 0.000 0.010 0.863 0.979
0.876 1.317 0.998 -0.000 0.000 0.010 0.876 0.979
0.889 1.327 0.998 -0.000 0.000 0.010 0.889 0.979
0.903 1.337 0.998 0.000 0.000 0.010 0.903 0.979
0.916 1.347 0.998 0.000 0.000 0.010 0.916 0.979
0.930 1.357 0.998 -0.000 0.000 0.010 0.930 0.979
0.943 1.367 0.998 0.000 0.000 0.010 0.943 0.979
0.957 1.377 0.998 -0.000 0.000 0.010 0.957 0.979
0.971 1.387 0.998 -0.000 0.000 0.010 0.971 0.979
0.985 1.397 0.998 0.000 0.000 0.010 0.985 0.979
0.999 1.407 0.998 -0.000 0.000 0.010 0.999 0.979
1.013 1.417 0.998 0.000 0.000 0.010 1.013 0.979
1.028 1.427 0.998 -0.000 0.000 0.010 1.028 0.979
1.042 1.437 0.998 0.000 0.000 0.010 1.042 0.979
1.056 1.447 0.998 0.000 0.000 0.010 1.056 0.979
1.071 1.457 0.998 0.000 0.000 0.010 1.071 0.979
1.086 1.467 0.998 0.000 0.000 0.010 1.086 0.979
1.100 1.477 0.998 -0.000 0.000 0.010 1.100 0.979
1.115 1.487 0.998 0.000 0.000 0.010 1.115 0.979
1.130 1.497 0.998 -0.000 0.000 0.010 1.130 0.979
1.145 1.507 0.998 0.000 0.000 0.010 1.145 0.979
1.160 1.517 0.998 0.000 0.000 0.010 1.160 0.979
1.176 1.527 0.998 -0.000 0.000 0.010 1.176 0.979
1.191 1.537 0.998 0.000 0.000 0.010 1.191 0.979
1.207 1.547 0.998 0.000 0.000 0.010 1.207 0.979
1.222 1.557 0.998 -0.000 0.000 0.010 1.222 0.979
1.238 1.567 0.998 0.000 0.000 0.010 1.238 0.979
1.254 1.577 0.998 -0.000 0.000 0.010 1.254 0.979
1.269 1.587 0.998 0.000 0.000 0.010 1.269 0.979
1.285 1.597 0.998 -0.000 0.000 0.010 1.285 0.979
1.301 1.607 0.998 0.000 0.000 0.010 1.301 0.979
1.318 1.617 0.998 -0.000 0.000 0.010 1.318 0.979
1.334 1.627 0.998 0.000 0.000 0.010 1.334 0.979
1.350 1.637 0.998 -0.000 0.000 0.010 1.350 0.979
1.367 1.647 0.998 0.000 0.000 0.010 1.367 0.979
1.383 1.657 0.998 0.000 0.000 0.010 1.383 0.979
1.400 1.667 0.998 -0.000 0.000 0.010 1.400 0.979
1.417 1.677 0.998 0.000 0.000 0.010 1.417 0.979
1.434 1.687 0.998 -0.000 0.000 0.010 1.434 0.979
1.451 1.697 0.998 0.000 0.000 0.010 1.451 0.979
1.468 1.707 0.998 -0.000 0.000 0.010 1.468 0.979
1.485 1.717 0.998 0.000 0.000 0.010 1.485 0.979
1.502 1.726 0.998 -0.000 0.000 0.010 1.502 0.979
1.519 1.736 0.998 0.000 0.000 0.010 1.519 0.979
1.537 1.746 0.998 0.000 0.000 0.010 1.537 0.979
1.554 1.756 0.998 -0.000 0.000 0.010 1.554 0.979
1.572 1.766 0.998 0.000 0.000 0.010 1.572 0.979
1.590 1.776 0.998 -0.000 0.000 0.010 1.590 0.979
1.608 1.786 0.998 0.000 0.000 0.010 1.608 0.979
1.626 1.796 0.998 -0.000 0.000 0.010 1.626 0.979
1.644 1.806 0.998 0.000 0.000 0.010 1.644 0.979
1.662 1.816 0.998 -0.000 0.000 0.010 1.662 0.979
1.680 1.826 0.998 0.000 0.000 0.010 1.680 0.979
1.699 1.836 0.998 -0.000 0.000 0.010 1.699 0.979
1.717 1.846 0.998 0.000 0.000 0.010 1.717 0.979
1.736 1.856 0.998 -0.000 0.000 0.010 1.736 0.979
1.754 1.866 0.998 0.000 0.000 0.010 1.754 0.979
1.773 1.876 0.998 0.000 0.000 0.010 1.773 0.979
1.792 1.886 0.998 -0.000 0.000 0.010 1.792 0.979
1.811 1.896 0.998 0.000 0.000 0.010 1.811 0.979
1.830 1.906 0.998 0.000 0.000 0.010 1.830 0.979
1.849 1.916 0.998 -0.000 0.000 0.010 1.849 0.979
1.868 1.926 0.998 -0.000 0.000 0.010 1.868 0.979
1.888 1.936 0.998 0.000 0.000 0.010 1.888 0.979
1.907 1.946 0.998 -0.000 0.000 0.010 1.907 0.979
1.927 1.956 0.998 -0.000 0.000 0.010 1.927 0.979
1.946 1.966 0.998 0.000 0.000 0.010 1.946 0.979
1.966 1.976 0.998 -0.000 0.000 0.010 1.966 0.979
1.986 1.986 0.998 -0.000 0.000 0.010 1.986 0.979
2.006 1.996 0.998 0.000 0.000 0.010 2.006 0.979
2.026 2.006 0.998 0.000 0.000 0.010 2.026 0.979
2.046 2.016 0.998 -0.000 0.000 0.010 2.046 0.979
2.066 2.026 0.998 -0.000 0.000 0.010 2.066 0.979
2.087 2.036 0.998 0.000 0.000 0.010 2.087 0.979
2.107 2.046 0.998 -0.000 0.000 0.010 2.107 0.979
2.128 2.056 0.998 0.000 0.000 0.010 2.128 0.979
2.148 2.066 0.998 -0.000 0.000 0.010 2.148 0.979
2.169 2.076 0.998 0.000 0.000 0.010 2.169 0.979
2.190 2.086 0.998 0.000 0.000 0.010 2.190 0.979
2.211 2.096 0.998 -0.000 0.000 0.010 2.211 0.979
2.232 2.106 0.998 0.000 0.000 0.010 2.232 0.979
2.253 2.116 0.998 -0.000 0.000 0.010 2.253 0.979
2.274 2.126 0.998 -0.000 0.000 0.010 2.274 0.979
2.296 2.136 0.998 0.000 0.000 0.010 2.296 0.979
2.317 2.146 0.998 0.000 0.000 0.010 2.317 0.979
2.339 2.156 0.998 -0.000 0.000 0.010 2.339 0.979
2.361 2.166 0.998 0.000 0.000 0.010 2.361 0.979
2.382 2.176 0.998 -0.000 0.000 0.010 2.382 0.979
2.404 2.186 0.998 0.000 0.000 0.010 2.404 0.979
2.426 2.196 0.998 0.000 0.000 0.010 2.426 0.979
2.448 2.206 0.998 -0.000 0.000 0.010 2.448 0.979
2.470 2.215 0.998 0.000 0.000 0.010 2.470 0.979
2.493 2.225 0.998 0.000 0.000 0.010 2.493 0.979
2.515 2.235 0.998 -0.000 0.000 0.010 2.515 0.979
2.537 2.245 0.998 0.000 0.000 0.010 2.537 0.979
2.560 2.255 0.998 -0.000 0.000 0.010 2.560 0.979
2.583 2.265 0.998 0.000 0.000 0.010 2.583 0.979
2.605 2.275 0.998 0.000 0.000 0.010 2.605 0.979
2.628 2.285 0.998 0.000 0.000 0.010 2.628 0.979
2.651 2.295 0.998 -0.000 0.000 0.010 2.651 0.979
2.674 2.305 0.998 0.000 0.000 0.010 2.674 0.979
2.697 2.315 0.998 0.000 0.000 0.010 2.697 0.979
2.721 2.325 0.998 -0.000 0.000 0.010 2.721 0.979
2.744 2.335 0.998 0.000 0.000 0.010 2.744 0.979
2.767 2.345 0.998 -0.000 0.000 0.010 2.767 0.979
2.791 2.355 0.998 0.000 0.000 0.010 2.791 0.979
2.815 2.365 0.998 -0.000 0.000 0.010 2.815 0.979
2.838 2.375 0.998 0.000 0.000 0.010 2.838 0.979
2.862 2.385 0.998 0.000 0.000 0.010 2.862 0.979
2.886 2.395 0.998 0.000 0.000 0.010 2.886 0.979
2.910 2.405 0.998 0.000 0.000 0.010 2.910 0.979
2.934 2.415 0.998 -0.000 0.000 0.010 2.934 0.979
2.959 2.425 0.998 0.000 0.000 0.010 2.959 0.979
2.983 2.435 0.998 0.000 0.000 0.010 2.983 0.979
3.007 2.445 0.998 -0.000 0.000 0.010 3.007 0.979
3.032 2.455 0.998 0.000 0.000 0.010 3.032 0.979
3.057 2.465 0.998 0.000 0.000 0.010 3.057 0.979
3.081 2.475 0.998 0.000 0.000 0.010 3.081 0.979
3.106 2.485 0.998 -0.000 0.000 0.010 3.106 0.979
3.131 2.495 0.998 0.000 0.000 0.010 3.131 0.979
3.156 2.505 0.998 0.000 0.000 0.010 3.156 0.979
3.181 2.515 0.998 -0.000 0.000 0.010 3.181 0.979
3.207 2.525 0.998 0.000 0.000 0.010 3.207 0.979
3.232 2.535 0.998 0.000 0.000 0.010 3.232 0.979
3.257 2.545 0.998 -0.000 0.000 0.010 3.257 0.979
3.283 2.555 0.998 0.000 0.000 0.010 3.283 0.979
3.309 2.565 0.998 0.000 0.000 0.010 3.309 0.979
3.334 2.575 0.998 -0.000 0.000 0.010 3.334 0.979
3.360 2.585 0.998 0.000 0.000 0.010 3.360 0.979
3.386 2.595 0.998 -0.000 0.000 0.010 3.386 0.979
3.412 2.605 0.998 -0.000 0.000 0.010 3.412 0.979
3.438 2.615 0.998 0.000 0.000 0.010 3.438 0.979
3.465 2.625 0.998 -0.000 0.000 0.010 3.465 0.979
3.491 2.635 0.998 0.000 0.000 0.010 3.491 0.979
3.517 2.645 0.998 0.000 0.000 0.010 3.517 0.979
3.544 2.655 0.998 -0.000 0.000 0.010 3.544 0.979
3.571 2.665 0.998 -0.000 0.000 0.010 3.571 0.979
3.597 2.675 0.998 0.000 0.000 0.010 3.597 0.979
3.624 2.685 0.998 -0.000 0.000 0.010 3.624 0.979
3.651 2.695 0.998 0.000 0.000 0.010 3.651 0.979
3.678 2.704 0.998 -0.000 0.000 0.010 3.678 0.979
3.705 2.714 0.998 0.000 0.000 0.010 3.705 0.979
3.733 2.724 0.998 -0.000 0.000 0.010 3.733 0.979
3.760 2.734 0.998 -0.000 0.000 0.010 3.760 0.979
3.787 2.744 0.998 0.000 0.000 0.010 3.787 0.979
3.815 2.754 0.998 -0.000 0.000 0.010 3.815 0.979
3.842 2.764 0.998 0.000 0.000 0.010 3.842 0.979
3.870 2.774 0.998 0.000 0.000 0.010 3.870 0.979
3.898 2.784 0.998 -0.000 0.000 0.010 3.898 0.979
3.926 2.794 0.998 0.000 0.000 0.010 3.926 0.979
3.954 2.804 0.998 -0.000 0.000 0.010 3.954 0.979
3.982 2.814 0.998 -0.000 0.000 0.010 3.982 0.979
4.010 2.824 0.998 0.000 0.000 0.010 4.010 0.979
4.039 2.834 0.998 -0.000 0.000 0.010 4.039 0.979
4.067 2.844 0.998 0.000 0.000 0.010 4.067 0.979
4.096 2.854 0.998 0.000 0.000 0.010 4.096 0.979
4.124 2.864 0.998 -0.000 0.000 0.010 4.124 0.979
4.153 2.874 0.998 0.000 0.000 0.010 4.153 0.979
4.182 2.884 0.998 0.000 0.000 0.010 4.182 0.979
4.211 2.894 0.998 0.000 0.000 0.010 4.211 0.979
4.240 2.904 0.998 -0.000 0.000 0.010 4.240 0.979
4.269 2.914 0.998 -0.000 0.000 0.010 4.269 0.979
4.298 2.924 0.998 0.000 0.000 0.010 4.298 0.979
4.328 2.934 0.998 -0.000 0.000 0.010 4.328 0.979
4.357 2.944 0.998 0.000 0.000 0.010 4.357 0.979
4.387 2.954 0.998 -0.000 0.000 0.010 4.387 0.979
4.416 2.964 0.998 0.000 0.000 0.010 4.416 0.979
4.446 2.974 0.998 0.000 0.000 0.010 4.446 0.979
4.476 2.984 0.998 -0.000 0.000 0.010 4.476 0.979
4.506 2.994 0.998 0.000 0.000 0.010 4.506 0.979
4.536 3.004 0.998 -0.000 0.000 0.010 4.536 0.979
4.566 3.014 0.998 0.000 0.000 0.010 4.566 0.979
4.596 3.024 0.998 -0.000 0.000 0.010 4.596 0.979
4.627 3.034 0.998 0.000 0.000 0.010 4.627 0.979
4.657 3.044 0.998 -0.000 0.000 0.010 4.657 0.979
4.688 3.054 0.998 0.000 0.000 0.010 4.688 0.979
4.718 3.064 0.998 -0.000 0.000 0.010 4.718 0.979
4.749 3.074 0.998 0.000 0.000 0.010 4.749 0.979
4.780 3.084 0.998 -0.000 0.000 0.010 4.780 0.979
4.811 3.094 0.998 0.000 0.000 0.010 4.811 0.979
4.842 3.104 0.998 -0.000 0.000 0.010 4.842 0.979
4.873 3.114 0.998 0.000 0.000 0.010 4.873 0.979
4.904 3.124 0.998 -0.000 0.000 0.010 4.904 0.979
4.935 3.134 0.998 -0.000 0.000 0.010 4.935 0.979
4.967 3.144 0.998 0.000 0.000 0.010 4.967 0.979
4.998 3.154 0.998 0.000 0.000 0.010 4.998 0.979
5.030 3.164 0.998 -0.000 0.000 0.010 5.030 0.979
5.062 3.174 0.998 0.000 0.000 0.010 5.062 0.979
5.094 3.184 0.998 0.000 0.000 0.010 5.094 0.979
5.126 3.193 0.998 -0.000 0.000 0.010 5.126 0.979
5.158 3.203 0.998 0.000 0.000 0.010 5.158 0.979
5.190 3.213 0.998 -0.000 0.000 0.010 5.190 0.979
5.222 3.223 0.998 0.000 0.000 0.010 5.222 0.979
5.254 3.233 0.998 -0.000 0.000 0.010 5.254 0.979
5.287 3.243 0.998 0.000 0.000 0.010 5.287 0.979
5.319 3.253 0.998 0.000 0.000 0.010 5.319 0.979
5.352 3.263 0.998 -0.000 0.000 0.010 5.352 0.979
5.385 3.273 0.998 0.000 0.000 0.010 5.385 0.979
5.417 3.283 0.998 -0.000 0.000 0.010 5.417 0.979
5.450 3.293 0.998 0.000 0.000 0.010 5.450 0.979
5.483 3.303 0.998 -0.000 0.000 0.010 5.483 0.979
5.517 3.313 0.998 0.000 0.000 0.010 5.517 0.979
5.550 3.323 0.998 0.000 0.000 0.010 5.550 0.979
5.583 3.333 0.998 -0.000 0.000 0.010 5.583 0.979
5.617 3.343 0.998 0.000 0.000 0.010 5.617 0.979
5.650 3.353 0.998 -0.000 0.000 0.010 5.650 0.979
5.684 3.363 0.998 0.000 0.000 0.010 5.684 0.979
5.717 3.373 0.998 0.000 0.000 0.010 5.717 0.979
5.751 3.383 0.998 -0.000 0.000 0.010 5.751 0.979
5.785 3.393 0.998 0.000 0.000 0.010 5.785 0.979
5.819 3.403 0.998 -0.000 0.000 0.010 5.819 0.979
5.853 3.413 0.998 0.000 0.000 0.010 5.853 0.979
5.888 3.423 0.998 -0.000 0.000 0.010 5.888 0.979
5.922 3.433 0.998 0.000 0.000 0.010 5.922 0.979
5.956 3.443 0.998 -0.000 0.000 0.010 5.956 0.979
5.991 3.453 0.998 0.000 0.000 0.010 5.991 0.979
6.026 3.463 0.998 0.000 0.000 0.010 6.026 0.979
6.060 3.473 0.998 -0.000 0.000 0.010 6.060 0.979
6.095 3.483 0.998 0.000 0.000 0.010 6.095 0.979
6.130 3.493 0.998 -0.000 0.000 0.010 6.130 0.979
6.165 3.503 0.998 0.000 0.000 0.010 6.165 0.979
6.200 3.513 0.998 -0.000 0.000 0.010 6.200 0.979
6.235 3.523 0.998 0.000 0.000 0.010 6.235 0.979
6.271 3.533 0.998 0.000 0.000 0.010 6.271 0.979
6.306 3.543 0.998 -0.000 0.000 0.010 6.306 0.979
6.342 3.553 0.998 0.000 0.000 0.010 6.342 0.979
6.377 3.563 0.998 0.000 0.000 0.010 6.377 0.979
6.413 3.573 0.998 -0.000 0.000 0.010 6.413 0.979
6.449 3.583 0.998 0.000 0.000 0.010 6.449 0.979
6.485 3.593 0.998 0.000 0.000 0.010 6.485 0.979
6.521 3.603 0.998 -0.000 0.000 0.010 6.521 0.979
6.557 3.613 0.998 0.000 0.000 0.010 6.557 0.979
6.593 3.623 0.998 0.000 0.000 0.010 6.593 0.979
6.630 3.633 0.998 0.000 0.000 0.010 6.630 0.979
6.666 3.643 0.998 0.000 0.000 0.010 6.666 0.979
6.702 3.653 0.998 -0.000 0.000 0.010 6.702 0.979
6.739 3.663 0.998 -0.000 0.000 0.010 6.739 0.979
6.776 3.673 0.998 0.000 0.000 0.010 6.776 0.979
6.813 3.683 0.998 0.000 0.000 0.010 6.813 0.979
6.850 3.692 0.998 -0.000 0.000 0.010 6.850 0.979
6.887 3.702 0.998 0.000 0.000 0.010 6.887 0.979
6.924 3.712 0.998 0.000 0.000 0.010 6.924 0.979
6.961 3.722 0.998 -0.000 0.000 0.010 6.961 0.979
6.998 3.732 0.998 -0.000 0.000 0.010 6.998 0.979
7.036 3.730 -0.277 -127.463 0.000 0.010 7.036 0.979
7.073 3.712 -1.782 -150.484 0.001 0.010 7.073 0.979
7.110 3.694 -1.757 2.437 0.001 0.010 7.110 0.979
7.146 3.677 -1.735 2.251 0.002 0.010 7.146 0.979
7.183 3.660 -1.717 1.787 0.003 0.010 7.183 0.979
7.219 3.643 -1.703 1.342 0.005 0.010 7.219 0.979
7.256 3.626 -1.694 0.915 0.007 0.010 7.256 0.980
7.292 3.609 -1.689 0.504 0.009 0.010 7.292 0.980
7.328 3.592 -1.688 0.111 0.011 0.010 7.328 0.980
7.363 3.575 -1.691 -0.268 0.014 0.010 7.363 0.981
7.399 3.558 -1.697 -0.632 0.017 0.010 7.399 0.981
7.434 3.541 -1.707 -0.982 0.020 0.010 7.434 0.982
7.470 3.524 -1.720 -1.317 0.023 0.010 7.470 0.983
7.505 3.506 -1.736 -1.639 0.027 0.010 7.505 0.984
7.540 3.489 -1.756 -1.946 0.031 0.010 7.540 0.985
7.574 3.471 -1.778 -2.238 0.035 0.010 7.574 0.986
7.609 3.453 -1.803 -2.516 0.040 0.010 7.609 0.987
7.643 3.435 -1.831 -2.777 0.045 0.010 7.643 0.988
7.677 3.416 -1.861 -3.021 0.050 0.010 7.677 0.990
7.711 3.397 -1.894 -3.247 0.056 0.010 7.711 0.992
7.745 3.378 -1.928 -3.452 0.061 0.010 7.745 0.994
7.779 3.358 -1.965 -3.637 0.067 0.010 7.778 0.996
7.812 3.338 -2.003 -3.796 0.074 0.010 7.812 0.998
7.845 3.318 -2.042 -3.930 0.080 0.010 7.845 1.001
7.878 3.297 -2.082 -4.034 0.087 0.010 7.878 1.004
7.911 3.276 -2.123 -4.107 0.095 0.010 7.910 1.007
7.944 3.254 -2.165 -4.144 0.102 0.010 7.943 1.010
7.976 3.230 -2.406 -24.147 0.110 0.010 7.975 1.013
8.008 3.200 -3.000 -59.347 0.119 0.010 8.007 1.017
8.039 3.164 -3.571 -57.097 0.127 0.010 8.038 1.021
8.071 3.126 -3.801 -23.017 0.136 0.010 8.069 1.025
8.102 3.088 -3.827 -2.637 0.145 0.010 8.099 1.029
8.132 3.050 -3.815 1.271 0.155 0.010 8.130 1.034
8.162 3.012 -3.799 1.598 0.164 0.010 8.159 1.039
8.192 2.974 -3.779 1.973 0.174 0.010 8.189 1.044
8.221 2.937 -3.755 2.396 0.185 0.010 8.218 1.049
8.250 2.899 -3.726 2.864 0.195 0.010 8.246 1.054
8.279 2.862 -3.693 3.380 0.206 0.010 8.274 1.060
8.307 2.826 -3.653 3.941 0.217 0.010 8.302 1.066
8.335 2.790 -3.608 4.545 0.228 0.010 8.329 1.072
8.363 2.754 -3.556 5.190 0.240 0.010 8.356 1.079
8.390 2.719 -3.497 5.874 0.252 0.010 8.382 1.085
8.417 2.685 -3.431 6.591 0.264 0.010 8.408 1.092
8.443 2.651 -3.358 7.339 0.277 0.010 8.434 1.099
8.469 2.619 -3.277 8.111 0.289 0.010 8.459 1.106
8.495 2.587 -3.188 8.901 0.302 0.010 8.484 1.114
8.521 2.556 -3.091 9.702 0.315 0.010 8.508 1.122
8.546 2.526 -2.985 10.508 0.328 0.010 8.532 1.130
8.571 2.497 -2.872 11.309 0.342 0.010 8.555 1.138
8.596 2.470 -2.751 12.097 0.355 0.010 8.579 1.146
8.620 2.444 -2.623 12.863 0.369 0.010 8.601 1.155
8.644 2.419 -2.487 13.597 0.383 0.010 8.624 1.164
8.668 2.395 -2.344 14.291 0.397 0.010 8.646 1.173
8.692 2.373 -2.195 14.934 0.411 0.010 8.668 1.182
8.716 2.353 -2.039 15.518 0.426 0.010 8.689 1.192
8.739 2.334 -1.879 16.034 0.440 0.010 8.711 1.202
8.762 2.317 -1.714 16.473 0.455 0.010 8.732 1.212
8.785 2.302 -1.546 16.831 0.469 0.010 8.752 1.222
8.808 2.288 -1.375 17.100 0.484 0.010 8.772 1.232
8.831 2.276 -1.202 17.275 0.498 0.010 8.793 1.243
8.853 2.265 -1.029 17.355 0.513 0.010 8.812 1.254
8.876 2.257 -0.855 17.336 0.527 0.010 8.832 1.265
8.898 2.250 -0.683 17.220 0.542 0.010 8.851 1.277
8.921 2.245 -0.513 17.006 0.557 0.010 8.870 1.289
8.943 2.241 -0.346 16.698 0.571 0.010 8.889 1.301
8.966 2.240 -0.183 16.301 0.585 0.010 8.908 1.313
8.988 2.239 -0.025 15.818 0.600 0.010 8.927 1.325
9.011 2.241 0.128 15.258 0.614 0.010 8.945 1.338
9.033 2.243 0.274 14.628 0.628 0.010 8.963 1.351
9.055 2.248 0.413 13.936 0.642 0.010 8.981 1.364
9.078 2.253 0.545 13.190 0.655 0.010 8.999 1.378
9.101 2.260 0.669 12.401 0.669 0.010 9.017 1.392
9.123 2.268 0.785 11.577 0.682 0.010 9.035 1.406
9.146 2.276 0.892 10.727 0.695 0.010 9.053 1.421
9.169 2.286 0.991 9.862 0.708 0.010 9.070 1.435
9.192 2.297 1.081 8.989 0.721 0.010 9.087 1.450
9.215 2.309 1.162 8.117 0.734 0.010 9.105 1.466
9.238 2.321 1.234 7.253 0.746 0.010 9.122 1.481
9.262 2.334 1.298 6.404 0.758 0.010 9.139 1.497
9.285 2.348 1.354 5.576 0.770 0.010 9.156 1.514
9.309 2.362 1.402 4.775 0.781 0.010 9.173 1.530
9.332 2.376 1.442 4.005 0.793 0.010 9.189 1.547
9.356 2.391 1.475 3.269 0.804 0.010 9.206 1.564
9.380 2.406 1.500 2.571 0.814 0.010 9.223 1.581
9.405 2.421 1.520 1.912 0.825 0.010 9.239 1.599
9.429 2.436 1.532 1.295 0.835 0.010 9.256 1.617
9.453 2.452 1.540 0.720 0.845 0.010 9.272 1.635
9.478 2.467 1.542 0.187 0.855 0.010 9.288 1.654
9.503 2.483 1.539 -0.304 0.865 0.010 9.304 1.673
9.528 2.498 1.531 -0.752 0.874 0.010 9.321 1.692
9.553 2.513 1.519 -1.161 0.883 0.010 9.337 1.711
9.578 2.528 1.504 -1.529 0.892 0.010 9.353 1.731
9.604 2.543 1.485 -1.860 0.900 0.010 9.368 1.751
9.629 2.558 1.464 -2.154 0.908 0.010 9.384 1.771
9.655 2.572 1.440 -2.415 0.916 0.010 9.400 1.791
9.681 2.586 1.413 -2.642 0.924 0.010 9.416 1.812
9.707 2.600 1.385 -2.839 0.932 0.010 9.431 1.832
9.733 2.614 1.355 -3.008 0.939 0.010 9.447 1.853
9.759 2.627 1.323 -3.150 0.946 0.010 9.462 1.875
9.786 2.640 1.291 -3.267 0.953 0.010 9.478 1.896
9.812 2.652 1.257 -3.362 0.959 0.010 9.493 1.918
9.839 2.664 1.223 -3.437 0.966 0.010 9.508 1.940
9.866 2.676 1.188 -3.492 0.972 0.010 9.523 1.962
9.893 2.688 1.153 -3.530 0.978 0.010 9.538 1.984
9.919 2.699 1.117 -3.553 0.983 0.010 9.553 2.006
9.947 2.710 1.081 -3.561 0.989 0.010 9.568 2.029
9.974 2.720 1.046 -3.557 0.994 0.010 9.583 2.052
10.001 2.730 1.010 -3.542 0.999 0.010 9.598 2.075
10.029 2.740 0.975 -3.517 1.004 0.010 9.613 2.098
10.056 2.750 0.940 -3.483 1.009 0.010 9.628 2.121
10.084 2.759 0.906 -3.442 1.013 0.010 9.642 2.144
10.111 2.767 0.872 -3.393 1.017 0.010 9.657 2.168
10.139 2.776 0.839 -3.339 1.021 0.010 9.671 2.192
10.167 2.784 0.806 -3.280 1.025 0.010 9.686 2.215
10.195 2.792 0.774 -3.217 1.029 0.010 9.700 2.239
10.223 2.799 0.742 -3.150 1.033 0.010 9.715 2.263
10.251 2.806 0.711 -3.081 1.036 0.010 9.729 2.287
10.279 2.813 0.681 -3.009 1.039 0.010 9.743 2.312
10.307 2.819 0.652 -2.936 1.042 0.010 9.758 2.336
10.335 2.826 0.623 -2.861 1.045 0.010 9.772 2.360
10.364 2.832 0.595 -2.785 1.048 0.010 9.786 2.385
10.392 2.837 0.568 -2.708 1.050 0.010 9.800 2.409
10.421 2.843 0.542 -2.632 1.053 0.010 9.814 2.434
10.449 2.848 0.517 -2.555 1.055 0.010 9.828 2.459
10.478 2.853 0.492 -2.479 1.057 0.010 9.842 2.484
10.506 2.857 0.468 -2.403 1.059 0.010 9.856 2.509
10.535 2.862 0.444 -2.328 1.061 0.010 9.870 2.534
10.563 2.866 0.422 -2.254 1.062 0.010 9.884 2.559
10.592 2.870 0.400 -2.182 1.064 0.010 9.898 2.584
10.621 2.874 0.379 -2.110 1.065 0.010 9.912 2.609
10.650 2.877 0.359 -2.040 1.066 0.010 9.926 2.634
10.678 2.881 0.339 -1.971 1.067 0.010 9.940 2.659
10.707 2.884 0.320 -1.903 1.068 0.010 9.954 2.685
10.736 2.887 0.301 -1.838 1.069 0.010 9.968 2.710
10.765 2.890 0.284 -1.774 1.070 0.010 9.982 2.735
10.794 2.893 0.267 -1.711 1.070 0.010 9.996 2.761
10.823 2.895 0.250 -1.651 1.071 0.010 10.009 2.786
10.852 2.897 0.234 -1.592 1.071 0.010 10.023 2.811
10.881 2.900 0.219 -1.535 1.071 0.010 10.037 2.837
10.910 2.902 0.204 -1.480 1.071 0.010 10.051 2.862
10.939 2.904 0.190 -1.427 1.071 0.010 10.065 2.888
10.968 2.905 0.176 -1.376 1.071 0.010 10.079 2.913
10.997 2.907 0.163 -1.326 1.071 0.010 10.093 2.939
11.026 2.908 0.150 -1.279 1.070 0.010 10.107 2.964
11.055 2.910 0.138 -1.233 1.070 0.010 10.121 2.990
11.084 2.911 0.126 -1.190 1.069 0.010 10.135 3.015
11.113 2.912 0.114 -1.148 1.068 0.010 10.149 3.041
11.143 2.913 0.103 -1.108 1.067 0.010 10.163 3.066
11.172 2.914 0.092 -1.071 1.066 0.010 10.177 3.092
11.201 2.915 0.082 -1.035 1.065 0.010 10.191 3.117
11.230 2.916 0.072 -1.001 1.064 0.010 10.205 3.143
11.259 2.916 0.062 -0.969 1.063 0.010 10.219 3.168
11.288 2.917 0.053 -0.939 1.061 0.010 10.234 3.194
11.318 2.917 0.044 -0.911 1.060 0.010 10.248 3.219
11.347 2.918 0.035 -0.885 1.058 0.010 10.262 3.245
11.376 2.918 0.026 -0.861 1.056 0.010 10.276 3.270
11.405 2.918 0.018 -0.839 1.054 0.010 10.291 3.296
11.434 2.918 0.010 -0.818 1.053 0.010 10.305 3.321
11.463 2.918 0.002 -0.800 1.050 0.010 10.320 3.346
11.493 2.918 -0.006 -0.784 1.048 0.010 10.334 3.372
11.522 2.918 -0.014 -0.769 1.046 0.010 10.349 3.397
11.551 2.918 -0.021 -0.757 1.044 0.010 10.364 3.422
11.580 2.918 -0.029 -0.746 1.041 0.010 10.378 3.447
11.609 2.917 -0.036 -0.738 1.039 0.010 10.393 3.472
11.638 2.917 -0.043 -0.731 1.036 0.010 10.408 3.498
11.668 2.916 -0.051 -0.726 1.033 0.010 10.423 3.523
11.697 2.916 -0.058 -0.724 1.030 0.010 10.438 3.548
11.726 2.915 -0.065 -0.723 1.027 0.010 10.453 3.573
11.755 2.914 -0.072 -0.724 1.024 0.010 10.468 3.598
11.784 2.913 -0.080 -0.727 1.021 0.010 10.483 3.622
11.813 2.913 -0.087 -0.733 1.018 0.010 10.498 3.647
11.842 2.912 -0.094 -0.740 1.015 0.010 10.514 3.672
11.872 2.911 -0.102 -0.749 1.011 0.010 10.529 3.697
11.901 2.910 -0.109 -0.759 1.008 0.010 10.544 3.721
11.930 2.908 -0.117 -0.772 1.004 0.010 10.560 3.746
11.959 2.907 -0.125 -0.787 1.001 0.010 10.576 3.770
11.988 2.906 -0.133 -0.804 0.997 0.010 10.591 3.795
12.017 2.904 -0.141 -0.822 0.993 0.010 10.607 3.819
12.046 2.903 -0.150 -0.843 0.989 0.010 10.623 3.843
12.075 2.901 -0.158 -0.865 0.985 0.010 10.639 3.868
12.104 2.900 -0.167 -0.889 0.981 0.010 10.655 3.892
12.133 2.898 -0.176 -0.914 0.977 0.010 10.671 3.916
12.162 2.896 -0.186 -0.941 0.972 0.010 10.688 3.940
12.191 2.894 -0.196 -0.970 0.968 0.010 10.704 3.964
12.220 2.892 -0.206 -1.001 0.964 0.010 10.720 3.987
12.249 2.890 -0.216 -1.033 0.959 0.010 10.737 4.011
12.278 2.888 -0.227 -1.067 0.954 0.010 10.754 4.035
12.306 2.885 -0.238 -1.101 0.950 0.010 10.770 4.058
12.335 2.883 -0.249 -1.138 0.945 0.010 10.787 4.082
12.364 2.880 -0.261 -1.176 0.940 0.010 10.804 4.105
12.393 2.877 -0.273 -1.214 0.935 0.010 10.821 4.128
12.422 2.875 -0.285 -1.254 0.930 0.010 10.838 4.151
12.450 2.872 -0.298 -1.295 0.925 0.010 10.856 4.174
12.479 2.868 -0.312 -1.337 0.920 0.010 10.873 4.197
12.508 2.865 -0.326 -1.379 0.915 0.010 10.890 4.220
12.536 2.862 -0.340 -1.423 0.910 0.010 10.908 4.242
12.565 2.858 -0.354 -1.467 0.904 0.010 10.925 4.265
12.593 2.855 -0.370 -1.511 0.899 0.010 10.943 4.287
12.622 2.851 -0.385 -1.555 0.893 0.010 10.961 4.310
12.650 2.847 -0.401 -1.600 0.888 0.010 10.979 4.332
12.679 2.842 -0.418 -1.645 0.882 0.010 10.997 4.354
12.707 2.838 -0.434 -1.689 0.877 0.010 11.015 4.376
12.735 2.834 -0.452 -1.734 0.871 0.010 11.033 4.397
12.764 2.829 -0.470 -1.778 0.865 0.010 11.051 4.419
12.792 2.824 -0.488 -1.821 0.860 0.010 11.070 4.440
12.820 2.819 -0.506 -1.864 0.854 0.010 11.088 4.462
12.848 2.814 -0.525 -1.905 0.848 0.010 11.107 4.483
12.876 2.808 -0.545 -1.946 0.842 0.010 11.125 4.504
12.904 2.803 -0.565 -1.985 0.836 0.010 11.144 4.525
12.932 2.797 -0.585 -2.024 0.830 0.010 11.163 4.545
12.960 2.791 -0.606 -2.060 0.824 0.010 11.182 4.566
12.988 2.784 -0.627 -2.095 0.818 0.010 11.201 4.586
13.016 2.778 -0.648 -2.128 0.812 0.010 11.220 4.607
13.044 2.771 -0.669 -2.159 0.805 0.010 11.239 4.627
13.071 2.764 -0.691 -2.189 0.799 0.010 11.258 4.646
13.099 2.757 -0.713 -2.216 0.793 0.010 11.278 4.666
13.126 2.750 -0.736 -2.240 0.787 0.010 11.297 4.686
13.154 2.742 -0.758 -2.262 0.780 0.010 11.316 4.705
13.181 2.734 -0.781 -2.282 0.774 0.010 11.336 4.724
13.208 2.726 -0.804 -2.299 0.768 0.010 11.355 4.743
13.236 2.718 -0.827 -2.313 0.761 0.010 11.375 4.762
13.263 2.710 -0.851 -2.324 0.755 0.010 11.395 4.781
13.290 2.701 -0.874 -2.332 0.749 0.010 11.414 4.799
13.317 2.692 -0.897 -2.338 0.742 0.010 11.434 4.817
13.343 2.683 -0.921 -2.340 0.736 0.010 11.454 4.835
13.370 2.673 -0.944 -2.339 0.730 0.010 11.474 4.853
13.397 2.664 -0.967 -2.335 0.723 0.010 11.494 4.871
13.423 2.654 -0.991 -2.329 0.717 0.010 11.514 4.889
13.450 2.644 -1.014 -2.318 0.710 0.010 11.534 4.906
13.476 2.633 -1.037 -2.306 0.704 0.010 11.554 4.923
13.502 2.623 -1.060 -2.289 0.698 0.010 11.574 4.940
13.528 2.612 -1.083 -2.270 0.691 0.010 11.594 4.957
13.554 2.601 -1.105 -2.248 0.685 0.010 11.614 4.973
13.580 2.589 -1.127 -2.223 0.679 0.010 11.634 4.989
13.606 2.578 -1.149 -2.195 0.672 0.010 11.654 5.006
13.632 2.566 -1.171 -2.164 0.666 0.010 11.674 5.021
13.657 2.554 -1.192 -2.131 0.660 0.010 11.694 5.037
13.683 2.542 -1.213 -2.095 0.653 0.010 11.715 5.053
13.708 2.530 -1.234 -2.057 0.647 0.010 11.735 5.068
13.733 2.517 -1.254 -2.016 0.641 0.010 11.755 5.083
13.758 2.505 -1.274 -1.973 0.635 0.010 11.775 5.098
13.783 2.492 -1.293 -1.928 0.628 0.010 11.795 5.113
13.808 2.479 -1.312 -1.881 0.622 0.010 11.815 5.127
13.833 2.465 -1.330 -1.832 0.616 0.010 11.835 5.142
13.857 2.452 -1.348 -1.782 0.610 0.010 11.855 5.156
13.882 2.438 -1.365 -1.730 0.604 0.010 11.875 5.170
13.906 2.424 -1.382 -1.677 0.598 0.010 11.895 5.183
13.930 2.410 -1.398 -1.622 0.592 0.010 11.915 5.197
13.954 2.396 -1.414 -1.567 0.586 0.010 11.935 5.210
13.978 2.382 -1.429 -1.510 0.580 0.010 11.955 5.223
14.001 2.367 -1.443 -1.453 0.575 0.010 11.975 5.236
14.025 2.353 -1.457 -1.395 0.569 0.010 11.995 5.249
14.048 2.338 -1.471 -1.337 0.563 0.010 12.014 5.261
14.071 2.323 -1.484 -1.278 0.558 0.010 12.034 5.274
14.095 2.308 -1.496 -1.219 0.552 0.010 12.054 5.286
14.117 2.293 -1.507 -1.160 0.546 0.010 12.073 5.298
14.140 2.278 -1.518 -1.101 0.541 0.010 12.093 5.310
14.163 2.263 -1.529 -1.043 0.535 0.010 12.112 5.321
14.185 2.247 -1.539 -0.984 0.530 0.010 12.132 5.333
14.208 2.232 -1.548 -0.926 0.525 0.010 12.151 5.344
14.230 2.216 -1.557 -0.869 0.519 0.010 12.170 5.355
14.252 2.201 -1.565 -0.812 0.514 0.010 12.189 5.366
14.274 2.185 -1.572 -0.755 0.509 0.010 12.208 5.377
14.295 2.169 -1.579 -0.700 0.504 0.010 12.227 5.387
14.317 2.153 -1.586 -0.646 0.499 0.010 12.246 5.397
14.338 2.137 -1.592 -0.592 0.494 0.010 12.265 5.408
14.360 2.122 -1.597 -0.539 0.489 0.010 12.284 5.418
14.381 2.105 -1.602 -0.488 0.484 0.010 12.302 5.427
14.401 2.089 -1.606 -0.438 0.479 0.010 12.321 5.437
14.422 2.073 -1.610 -0.388 0.474 0.010 12.339 5.447
14.443 2.057 -1.614 -0.340 0.470 0.010 12.357 5.456
14.463 2.041 -1.617 -0.294 0.465 0.010 12.376 5.465
14.483 2.025 -1.619 -0.248 0.461 0.010 12.394 5.474
14.504 2.009 -1.621 -0.204 0.456 0.010 12.412 5.483
14.523 1.992 -1.623 -0.161 0.452 0.010 12.430 5.492
14.543 1.976 -1.624 -0.119 0.447 0.010 12.448 5.500
14.563 1.960 -1.625 -0.080 0.443 0.010 12.465 5.509
14.582 1.944 -1.625 -0.041 0.439 0.010 12.483 5.517
14.602 1.927 -1.625 -0.003 0.434 0.010 12.500 5.525
14.621 1.911 -1.625 0.033 0.430 0.010 12.518 5.533
14.640 1.895 -1.624 0.067 0.426 0.010 12.535 5.541
14.658 1.879 -1.623 0.101 0.422 0.010 12.552 5.549
14.677 1.862 -1.622 0.133 0.418 0.010 12.569 5.557
14.695 1.846 -1.620 0.164 0.415 0.010 12.586 5.564
14.714 1.830 -1.618 0.193 0.411 0.010 12.603 5.571
14.732 1.814 -1.616 0.221 0.407 0.010 12.619 5.579
14.750 1.798 -1.613 0.248 0.403 0.010 12.636 5.586
14.768 1.782 -1.611 0.274 0.400 0.010 12.652 5.593
14.785 1.766 -1.608 0.298 0.396 0.010 12.668 5.599
14.803 1.750 -1.605 0.322 0.393 0.010 12.685 5.606
14.820 1.734 -1.601 0.344 0.389 0.010 12.701 5.613
14.837 1.718 -1.597 0.365 0.386 0.010 12.717 5.619
14.854 1.702 -1.594 0.385 0.383 0.010 12.732 5.626
14.871 1.686 -1.590 0.404 0.379 0.010 12.748 5.632
14.888 1.670 -1.585 0.421 0.376 0.010 12.763 5.638
14.904 1.654 -1.581 0.438 0.373 0.010 12.779 5.644
14.921 1.638 -1.576 0.454 0.370 0.010 12.794 5.650
14.937 1.623 -1.572 0.469 0.367 0.010 12.809 5.656
14.953 1.607 -1.567 0.483 0.364 0.010 12.824 5.662
14.969 1.591 -1.562 0.496 0.361 0.010 12.839 5.667
14.985 1.576 -1.557 0.508 0.358 0.010 12.854 5.673
15.000 1.560 -1.552 0.520 0.356 0.010 12.869 5.678
15.016 1.545 -1.546 0.531 0.353 0.010 12.883 5.684
15.031 1.529 -1.541 0.540 0.350 0.010 12.897 5.689
15.046 1.514 -1.535 0.550 0.348 0.010 12.912 5.694
15.061 1.499 -1.530 0.558 0.345 0.010 12.926 5.699
15.076 1.483 -1.524 0.566 0.343 0.010 12.940 5.704
15.091 1.468 -1.518 0.574 0.340 0.010 12.954 5.709
15.105 1.453 -1.513 0.580 0.338 0.010 12.967 5.714
15.120 1.438 -1.507 0.586 0.336 0.010 12.981 5.719
15.134 1.423 -1.501 0.592 0.333 0.010 12.994 5.723
15.148 1.408 -1.495 0.597 0.331 0.010 13.008 5.728
15.162 1.393 -1.489 0.601 0.329 0.010 13.021 5.732
15.176 1.378 -1.483 0.605 0.327 0.010 13.034 5.737
15.189 1.364 -1.477 0.609 0.325 0.010 13.047 5.741
15.203 1.349 -1.471 0.612 0.323 0.010 13.059 5.746
15.216 1.334 -1.465 0.615 0.321 0.010 13.072 5.750
15.229 1.320 -1.458 0.617 0.319 0.010 13.085 5.754
15.242 1.305 -1.452 0.619 0.317 0.010 13.097 5.758
15.255 1.291 -1.446 0.621 0.315 0.010 13.109 5.762
15.268 1.276 -1.440 0.622 0.313 0.010 13.121 5.766
15.281 1.262 -1.433 0.623 0.311 0.010 13.133 5.770
15.293 1.248 -1.427 0.624 0.310 0.010 13.145 5.774
15.306 1.234 -1.421 0.624 0.308 0.010 13.157 5.777
15.318 1.219 -1.415 0.624 0.306 0.010 13.169 5.781
15.330 1.205 -1.409 0.624 0.305 0.010 13.180 5.785
15.342 1.191 -1.402 0.624 0.303 0.010 13.192 5.788
15.354 1.177 -1.396 0.623 0.302 0.010 13.203 5.792
15.365 1.163 -1.390 0.622 0.300 0.010 13.214 5.795
15.377 1.150 -1.384 0.621 0.299 0.010 13.225 5.799
15.388 1.136 -1.377 0.620 0.297 0.010 13.236 5.802
15.399 1.122 -1.371 0.619 0.296 0.010 13.247 5.805
15.410 1.108 -1.365 0.617 0.295 0.010 13.257 5.808
15.421 1.095 -1.359 0.615 0.293 0.010 13.268 5.812
15.432 1.081 -1.353 0.613 0.292 0.010 13.278 5.815
15.443 1.068 -1.347 0.611 0.291 0.010 13.288 5.818
15.453 1.054 -1.341 0.609 0.290 0.010 13.298 5.821
15.464 1.041 -1.335 0.607 0.289 0.010 13.308 5.824
15.474 1.028 -1.328 0.604 0.288 0.010 13.318 5.827
15.484 1.015 -1.322 0.602 0.287 0.010 13.328 5.830
15.494 1.001 -1.316 0.599 0.285 0.010 13.337 5.832
15.504 0.988 -1.310 0.596 0.284 0.010 13.347 5.835
15.514 0.975 -1.305 0.593 0.284 0.010 13.356 5.838
15.523 0.962 -1.299 0.590 0.283 0.010 13.366 5.841
15.533 0.949 -1.293 0.587 0.282 0.010 13.375 5.843
15.542 0.936 -1.287 0.583 0.281 0.010 13.384 5.846
15.551 0.924 -1.281 0.580 0.280 0.010 13.393 5.848
15.561 0.911 -1.275 0.577 0.279 0.010 13.401 5.851
15.570 0.898 -1.270 0.573 0.278 0.010 13.410 5.853
15.578 0.886 -1.264 0.570 0.278 0.010 13.418 5.856
15.587 0.873 -1.258 0.566 0.277 0.010 13.427 5.858
15.596 0.860 -1.253 0.562 0.276 0.010 13.435 5.861
15.604 0.848 -1.247 0.558 0.275 0.010 13.443 5.863
15.613 0.836 -1.242 0.554 0.275 0.010 13.451 5.865
15.621 0.823 -1.236 0.550 0.274 0.010 13.459 5.867
15.629 0.811 -1.231 0.546 0.273 0.010 13.467 5.870
15.637 0.799 -1.225 0.542 0.273 0.010 13.475 5.872
15.645 0.786 -1.220 0.538 0.272 0.010 13.482 5.874
15.653 0.774 -1.214 0.533 0.272 0.010 13.490 5.876
15.660 0.762 -1.209 0.529 0.271 0.010 13.497 5.878
15.668 0.750 -1.204 0.524 0.271 0.010 13.504 5.880
15.675 0.738 -1.199 0.520 0.270 0.010 13.511 5.882
15.682 0.726 -1.194 0.515 0.270 0.010 13.518 5.884
15.689 0.714 -1.188 0.510 0.269 0.010 13.525 5.886
15.696 0.703 -1.183 0.505 0.269 0.010 13.532 5.888
15.703 0.691 -1.178 0.501 0.268 0.010 13.539 5.890
15.710 0.679 -1.173 0.496 0.268 0.010 13.545 5.891
15.717 0.667 -1.169 0.490 0.268 0.010 13.552 5.893
15.723 0.656 -1.164 0.485 0.267 0.010 13.558 5.895
15.730 0.644 -1.159 0.480 0.267 0.010 13.564 5.897
15.736 0.633 -1.154 0.475 0.267 0.010 13.570 5.898
15.742 0.621 -1.149 0.469 0.266 0.010 13.576 5.900
15.748 0.610 -1.145 0.464 0.266 0.010 13.582 5.901
15.754 0.598 -1.140 0.458 0.266 0.010 13.588 5.903
15.760 0.587 -1.136 0.453 0.265 0.010 13.594 5.905
15.766 0.576 -1.131 0.447 0.265 0.010 13.599 5.906
15.772 0.564 -1.127 0.441 0.265 0.010 13.605 5.908
15.777 0.553 -1.122 0.435 0.265 0.010 13.610 5.909
15.783 0.542 -1.118 0.429 0.265 0.010 13.615 5.910
15.788 0.531 -1.114 0.423 0.264 0.010 13.620 5.912
15.793 0.520 -1.110 0.417 0.264 0.010 13.625 5.913
15.798 0.509 -1.106 0.411 0.264 0.010 13.630 5.914
15.803 0.498 -1.102 0.404 0.264 0.010 13.635 5.916
15.808 0.487 -1.098 0.398 0.264 0.010 13.640 5.917
15.813 0.476 -1.094 0.391 0.263 0.010 13.644 5.918
15.818 0.465 -1.090 0.385 0.263 0.010 13.649 5.919
15.822 0.454 -1.086 0.378 0.263 0.010 13.653 5.921
15.826 0.443 -1.082 0.371 0.263 0.010 13.658 5.922
15.831 0.432 -1.079 0.365 0.263 0.010 13.662 5.923
15.835 0.422 -1.075 0.358 0.263 0.010 13.666 5.924
15.839 0.411 -1.072 0.351 0.263 0.010 13.670 5.925
15.843 0.400 -1.068 0.343 0.263 0.010 13.674 5.926
15.847 0.389 -1.065 0.336 0.263 0.010 13.677 5.927
15.851 0.379 -1.062 0.329 0.263 0.010 13.681 5.928
15.855 0.368 -1.058 0.321 0.262 0.010 13.685 5.929
15.858 0.358 -1.055 0.314 0.262 0.010 13.688 5.930
15.862 0.347 -1.052 0.306 0.262 0.010 13.691 5.931
15.865 0.337 -1.049 0.299 0.262 0.010 13.695 5.932
15.868 0.326 -1.046 0.291 0.262 0.010 13.698 5.933
15.871 0.316 -1.043 0.283 0.262 0.010 13.701 5.933
15.874 0.305 -1.041 0.275 0.262 0.010 13.704 5.934
15.877 0.295 -1.038 0.267 0.262 0.010 13.707 5.935
15.880 0.285 -1.035 0.259 0.262 0.010 13.709 5.936
15.883 0.274 -1.033 0.251 0.262 0.010 13.712 5.936
15.886 0.264 -1.030 0.243 0.262 0.010 13.715 5.937
15.888 0.254 -1.028 0.235 0.262 0.010 13.717 5.938
15.891 0.244 -1.026 0.226 0.262 0.010 13.719 5.938
15.893 0.233 -1.024 0.218 0.262 0.010 13.722 5.939
15.895 0.223 -1.022 0.210 0.262 0.010 13.724 5.940
15.897 0.213 -1.020 0.201 0.262 0.010 13.726 5.940
15.899 0.203 -1.018 0.192 0.262 0.010 13.728 5.941
15.901 0.193 -1.016 0.184 0.262 0.010 13.730 5.941
15.903 0.182 -1.014 0.175 0.262 0.010 13.731 5.942
15.905 0.172 -1.012 0.166 0.262 0.010 13.733 5.942
15.906 0.162 -1.011 0.157 0.262 0.010 13.735 5.943
15.908 0.152 -1.009 0.148 0.262 0.010 13.736 5.943
15.909 0.142 -1.008 0.140 0.262 0.010 13.738 5.943
15.911 0.132 -1.007 0.131 0.262 0.010 13.739 5.944
15.912 0.122 -1.005 0.122 0.262 0.010 13.740 5.944
15.913 0.112 -1.004 0.112 0.262 0.010 13.741 5.944
15.914 0.102 -1.003 0.103 0.262 0.010 13.742 5.944
15.915 0.092 -1.002 0.094 0.262 0.010 13.743 5.945
15.916 0.082 -1.001 0.085 0.262 0.010 13.744 5.945
15.916 0.072 -1.001 0.076 0.262 0.010 13.744 5.945
15.917 0.062 -1.000 0.067 0.262 0.010 13.745 5.945
15.918 0.052 -0.999 0.057 0.262 0.010 13.746 5.945
15.918 0.042 -0.999 0.048 0.262 0.010 13.746 5.946
15.918 0.032 -0.999 0.039 0.262 0.010 13.746 5.946
15.919 0.022 -0.998 0.030 0.262 0.010 13.746 5.946
15.919 0.012 -0.998 0.020 0.262 0.010 13.747 5.946
15.919 0.004 -0.794 20.394 0.262 0.010 13.747 5.946
15.919 0.000 -0.341 45.336 0.262 0.010 13.747 5.946
15.919 0.000 -0.046 29.515 0.262 0.010 13.747 5.946
0.000 0.005 0.499 49.898 0.000 0.010 0.000 -0.979
0.000 0.010 0.499 0.000 0.000 0.010 0.000 -0.979
0.000 0.020 0.998 49.898 0.000 0.010 0.000 -0.979
0.001 0.030 0.998 0.000 0.000 0.010 0.001 -0.979
0.001 0.040 0.998 -0.000 0.000 0.010 0.001 -0.979
0.002 0.050 0.998 0.000 0.000 0.010 0.002 -0.979
0.002 0.060 0.998 -0.000 0.000 0.010 0.002 -0.979
0.003 0.070 0.998 -0.000 0.000 0.010 0.003 -0.979
0.004 0.080 0.998 0.000 0.000 0.010 0.004 -0.979
0.005 0.090 0.998 0.000 0.000 0.010 0.005 -0.979
0.006 0.100 0.998 -0.000 0.000 0.010 0.006 -0.979
0.007 0.110 0.998 0.000 0.000 0.010 0.007 -0.979
0.008 0.120 0.998 -0.000 0.000 0.010 0.008 -0.979
0.009 0.130 0.998 0.000 0.000 0.010 0.009 -0.979
0.011 0.140 0.998 -0.000 0.000 0.010 0.011 -0.979
0.012 0.150 0.998 0.000 0.000 0.010 0.012 -0.979
0.014 0.160 0.998 0.000 0.000 0.010 0.014 -0.979
0.015 0.170 0.998 0.000 0.000 0.010 0.015 -0.979
0.017 0.180 0.998 -0.000 0.000 0.010 0.017 -0.979
0.019 0.190 0.998 0.000 0.000 0.010 0.019 -0.979
0.021 0.200 0.998 -0.000 0.000 0.010 0.021 -0.979
0.023 0.210 0.998 0.000 0.000 0.010 0.023 -0.979
0.025 0.220 0.998 0.000 0.000 0.010 0.025 -0.979
0.028 0.230 0.998 0.000 0.000 0.010 0.028 -0.979
0.030 0.240 0.998 0.000 0.000 0.010 0.030 -0.979
0.032 0.249 0.998 -0.000 0.000 0.010 0.032 -0.979
0.035 0.259 0.998 0.000 0.000 0.010 0.035 -0.979
0.038 0.269 0.998 -0.000 0.000 0.010 0.038 -0.979
0.041 0.279 0.998 -0.000 0.000 0.010 0.041 -0.979
0.043 0.289 0.998 0.000 0.000 0.010 0.043 -0.979
0.046 0.299 0.998 -0.000 0.000 0.010 0.046 -0.979
0.050 0.309 0.998 -0.000 0.000 0.010 0.050 -0.979
0.053 0.319 0.998 0.000 0.000 0.010 0.053 -0.979
0.056 0.329 0.998 -0.000 0.000 0.010 0.056 -0.979
0.059 0.339 0.998 0.000 0.000 0.010 0.059 -0.979
0.063 0.349 0.998 -0.000 0.000 0.010 0.063 -0.979
0.066 0.359 0.998 0.000 0.000 0.010 0.066 -0.979
0.070 0.369 0.998 -0.000 0.000 0.010 0.070 -0.979
0.074 0.379 0.998 -0.000 0.000 0.010 0.074 -0.979
0.078 0.389 0.998 0.000 0.000 0.010 0.078 -0.979
0.082 0.399 0.998 -0.000 0.000 0.010 0.082 -0.979
0.086 0.409 0.998 -0.000 0.000 0.010 0.086 -0.979
0.090 0.419 0.998 0.000 0.000 0.010 0.090 -0.979
0.094 0.429 0.998 -0.000 0.000 0.010 0.094 -0.979
0.099 0.439 0.998 0.000 0.000 0.010 0.099 -0.979
0.103 0.449 0.998 -0.000 0.000 0.010 0.103 -0.979
0.108 0.459 0.998 0.000 0.000 0.010 0.108 -0.979
0.113 0.469 0.998 0.000 0.000 0.010 0.113 -0.979
0.117 0.479 0.998 -0.000 0.000 0.010 0.117 -0.979
0.122 0.489 0.998 0.000 0.000 0.010 0.122 -0.979
0.127 0.499 0.998 -0.000 0.000 0.010 0.127 -0.979
0.132 0.509 0.998 0.000 0.000 0.010 0.132 -0.979
0.138 0.519 0.998 0.000 0.000 0.010 0.138 -0.979
0.143 0.529 0.998 -0.000 0.000 0.010 0.143 -0.979
0.148 0.539 0.998 0.000 0.000 0.010 0.148 -0.979
0.154 0.549 0.998 0.000 0.000 0.010 0.154 -0.979
0.159 0.559 0.998 0.000 0.000 0.010 0.159 -0.979
0.165 0.569 0.998 0.000 0.000 0.010 0.165 -0.979
0.171 0.579 0.998 0.000 0.000 0.010 0.171 -0.979
0.177 0.589 0.998 -0.000 0.000 0.010 0.177 -0.979
0.183 0.599 0.998 0.000 0.000 0.010 0.183 -0.979
0.189 0.609 0.998 -0.000 0.000 0.010 0.189 -0.979
0.195 0.619 0.998 0.000 0.000 0.010 0.195 -0.979
0.201 0.629 0.998 0.000 0.000 0.010 0.201 -0.979
0.208 0.639 0.998 -0.000 0.000 0.010 0.208 -0.979
0.214 0.649 0.998 0.000 0.000 0.010 0.214 -0.979
0.221 0.659 0.998 -0.000 0.000 0.010 0.221 -0.979
0.227 0.669 0.998 -0.000 0.000 0.010 0.227 -0.979
0.234 0.679 0.998 0.000 0.000 0.010 0.234 -0.979
0.241 0.689 0.998 -0.000 0.000 0.010 0.241 -0.979
0.248 0.699 0.998 0.000 0.000 0.010 0.248 -0.979
0.255 0.709 0.998 0.000 0.000 0.010 0.255 -0.979
0.262 0.719 0.998 -0.000 0.000 0.010 0.262 -0.979
0.270 0.729 0.998 0.000 0.000 0.010 0.270 -0.979
0.277 0.738 0.998 -0.000 0.000 0.010 0.277 -0.979
0.284 0.748 0.998 0.000 0.000 0.010 0.284 -0.979
0.292 0.758 0.998 0.000 0.000 0.010 0.292 -0.979
0.300 0.768 0.998 -0.000 0.000 0.010 0.300 -0.979
0.307 0.778 0.998 0.000 0.000 0.010 0.307 -0.979
0.315 0.788 0.998 -0.000 0.000 0.010 0.315 -0.979
0.323 0.798 0.998 0.000 0.000 0.010 0.323 -0.979
0.331 0.808 0.998 -0.000 0.000 0.010 0.331 -0.979
0.340 0.818 0.998 0.000 0.000 0.010 0.340 -0.979
0.348 0.828 0.998 -0.000 0.000 0.010 0.348 -0.979
0.356 0.838 0.998 0.000 0.000 0.010 0.356 -0.979
0.365 0.848 0.998 -0.000 0.000 0.010 0.365 -0.979
0.373 0.858 0.998 0.000 0.000 0.010 0.373 -0.979
0.382 0.868 0.998 0.000 0.000 0.010 0.382 -0.979
0.391 0.878 0.998 -0.000 0.000 0.010 0.391 -0.979
0.400 0.888 0.998 0.000 0.000 0.010 0.400 -0.979
0.409 0.898 0.998 -0.000 0.000 0.010 0.409 -0.979
0.418 0.908 0.998 0.000 0.000 0.010 0.418 -0.979
0.427 0.918 0.998 -0.000 0.000 0.010 0.427 -0.979
0.436 0.928 0.998 0.000 0.000 0.010 0.436 -0.979
0.446 0.938 0.998 0.000 0.000 0.010 0.446 -0.979
0.455 0.948 0.998 -0.000 0.000 0.010 0.455 -0.979
0.465 0.958 0.998 -0.000 0.000 0.010 0.465 -0.979
0.474 0.968 0.998 -0.000 0.000 0.010 0.474 -0.979
0.484 0.978 0.998 0.000 0.000 0.010 0.484 -0.979
0.494 0.988 0.998 0.000 0.000 0.010 0.494 -0.979
0.504 0.998 0.998 -0.000 0.000 0.010 0.504 -0.979
0.514 1.008 0.998 0.000 0.000 0.010 0.514 -0.979
0.524 1.018 0.998 -0.000 0.000 0.010 0.524 -0.979
0.535 1.028 0.998 0.000 0.000 0.010 0.535 -0.979
0.545 1.038 0.998 0.000 0.000 0.010 0.545 -0.979
0.555 1.048 0.998 0.000 0.000 0.010 0.555 -0.979
0.566 1.058 0.998 -0.000 0.000 0.010 0.566 -0.979
0.577 1.068 0.998 0.000 0.000 0.010 0.577 -0.979
0.587 1.078 0.998 0.000 0.000 0.010 0.587 -0.979
0.598 1.088 0.998 -0.000 0.000 0.010 0.598 -0.979
0.609 1.098 0.998 0.000 0.000 0.010 0.609 -0.979
0.620 1.108 0.998 -0.000 0.000 0.010 0.620 -0.979
0.632 1.118 0.998 0.000 0.000 0.010 0.632 -0.979
0.643 1.128 0.998 0.000 0.000 0.010 0.643 -0.979
0.654 1.138 0.998 -0.000 0.000 0.010 0.654 -0.979
0.666 1.148 0.998 0.000 0.000 0.010 0.666 -0.979
0.677 1.158 0.998 0.000 0.000 0.010 0.677 -0.979
0.689 1.168 0.998 -0.000 0.000 0.010 0.689 -0.979
0.701 1.178 0.998 0.000 0.000 0.010 0.701 -0.979
0.713 1.188 0.998 0.000 0.000 0.010 0.713 -0.979
0.725 1.198 0.998 0.000 0.000 0.010 0.725 -0.979
0.737 1.208 0.998 -0.000 0.000 0.010 0.737 -0.979
0.749 1.218 0.998 0.000 0.000 0.010 0.749 -0.979
0.761 1.228 0.998 -0.000 0.000 0.010 0.761 -0.979
0.773 1.237 0.998 0.000 0.000 0.010 0.773 -0.979
0.786 1.247 0.998 -0.000 0.000 0.010 0.786 -0.979
0.798 1.257 0.998 -0.000 0.000 0.010 0.798 -0.979
0.811 1.267 0.998 0.000 0.000 0.010 0.811 -0.979
0.824 1.277 0.998 0.000 0.000 0.010 0.824 -0.979
0.837 1.287 0.998 -0.000 0.000 0.010 0.837 -0.979
0.850 1.297 0.998 0.000 0.000 0.010 0.850 -0.979
0.863 1.307 0.998 0.000 0.000 0.010 0.863 -0.979
0.876 1.317 0.998 -0.000 0.000 0.010 0.876 -0.979
0.889 1.327 0.998 -0.000 0.000 0.010 0.889 -0.979
0.903 1.337 0.998 0.000 0.000 0.010 0.903 -0.979
0.916 1.347 0.998 0.000 0.000 0.010 0.916 -0.979
0.930 1.357 0.998 -0.000 0.000 0.010 0.930 -0.979
0.943 1.367 0.998 0.000 0.000 0.010 0.943 -0.979
0.957 1.377 0.998 -0.000 0.000 0.010 0.957 -0.979
0.971 1.387 0.998 -0.000 0.000 0.010 0.971 -0.979
0.985 1.397 0.998 0.000 0.000 0.010 0.985 -0.979
0.999 1.407 0.998 -0.000 0.000 0.010 0.999 -0.979
1.013 1.417 0.998 0.000 0.000 0.010 1.013 -0.979
1.028 1.427 0.998 -0.000 0.000 0.010 1.028 -0.979
1.042 1.437 0.998 0.000 0.000 0.010 1.042 -0.979
1.056 1.447 0.998 0.000 0.000 0.010 1.056 -0.979
1.071 1.457 0.998 0.000 0.000 0.010 1.071 -0.979
1.086 1.467 0.998 0.000 0.000 0.010 1.086 -0.979
1.100 1.477 0.998 -0.000 0.000 0.010 1.100 -0.979
1.115 1.487 0.998 0.000 0.000 0.010 1.115 -0.979
1.130 1.497 0.998 -0.000 0.000 0.010 1.130 -0.979
1.145 1.507 0.998 0.000 0.000 0.010 1.145 -0.979
1.160 1.517 0.998 0.000 0.000 0.010 1.160 -0.979
1.176 1.527 0.998 -0.000 0.000 0.010 1.176 -0.979
1.191 1.537 0.998 0.000 0.000 0.010 1.191 -0.979
1.207 1.547 0.998 0.000 0.000 0.010 1.207 -0.979
1.222 1.557 0.998 -0.000 0.000 0.010 1.222 -0.979
1.238 1.567 0.998 0.000 0.000 0.010 1.238 -0.979
1.254 1.577 0.998 -0.000 0.000 0.010 1.254 -0.979
1.269 1.587 0.998 0.000 0.000 0.010 1.269 -0.979
1.285 1.597 0.998 -0.000 0.000 0.010 1.285 -0.979
1.301 1.607 0.998 0.000 0.000 0.010 1.301 -0.979
1.318 1.617 0.998 -0.000 0.000 0.010 1.318 -0.979
1.334 1.627 0.998 0.000 0.000 0.010 1.334 -0.979
1.350 1.637 0.998 -0.000 0.000 0.010 1.350 -0.979
1.367 1.647 0.998 0.000 0.000 0.010 1.367 -0.979
1.383 1.657 0.998 0.000 0.000 0.010 1.383 -0.979
1.400 1.667 0.998 -0.000 0.000 0.010 1.400 -0.979
1.417 1.677 0.998 0.000 0.000 0.010 1.417 -0.979
1.434 1.687 0.998 -0.000 0.000 0.010 1.434 -0.979
1.451 1.697 0.998 0.000 0.000 0.010 1.451 -0.979
1.468 1.707 0.998 -0.000 0.000 0.010 1.468 -0.979
1.485 1.717 0.998 0.000 0.000 0.010 1.485 -0.979
1.502 1.726 0.998 -0.000 0.000 0.010 1.502 -0.979
1.519 1.736 0.998 0.000 0.000 0.010 1.519 -0.979
1.537 1.746 0.998 0.000 0.000 0.010 1.537 -0.979
1.554 1.756 0.998 -0.000 0.000 0.010 1.554 -0.979
1.572 1.766 0.998 0.000 0.000 0.010 1.572 -0.979
1.590 1.776 0.998 -0.000 0.000 0.010 1.590 -0.979
1.608 1.786 0.998 0.000 0.000 0.010 1.608 -0.979
1.626 1.796 0.998 -0.000 0.000 0.010 1.626 -0.979
1.644 1.806 0.998 0.000 0.000 0.010 1.644 -0.979
1.662 1.816 0.998 -0.000 0.000 0.010 1.662 -0.979
1.680 1.826 0.998 0.000 0.000 0.010 1.680 -0.979
1.699 1.836 0.998 -0.000 0.000 0.010 1.699 -0.979
1.717 1.846 0.998 0.000 0.000 0.010 1.717 -0.979
1.736 1.856 0.998 -0.000 0.000 0.010 1.736 -0.979
1.754 1.866 0.998 0.000 0.000 0.010 1.754 -0.979
1.773 1.876 0.998 0.000 0.000 0.010 1.773 -0.979
1.792 1.886 0.998 -0.000 0.000 0.010 1.792 -0.979
1.811 1.896 0.998 0.000 0.000 0.010 1.811 -0.979
1.830 1.906 0.998 0.000 0.000 0.010 1.830 -0.979
1.849 1.916 0.998 -0.000 0.000 0.010 1.849 -0.979
1.868 1.926 0.998 -0.000 0.000 0.010 1.868 -0.979
1.888 1.936 0.998 0.000 0.000 0.010 1.888 -0.979
1.907 1.946 0.998 -0.000 0.000 0.010 1.907 -0.979
1.927 1.956 0.998 -0.000 0.000 0.010 1.927 -0.979
1.946 1.966 0.998 0.000 0.000 0.010 1.946 -0.979
1.966 1.976 0.998 -0.000 0.000 0.010 1.966 -0.979
1.986 1.986 0.998 -0.000 0.000 0.010 1.986 -0.979
2.006 1.996 0.998 0.000 0.000 0.010 2.006 -0.979
2.026 2.006 0.998 0.000 0.000 0.010 2.026 -0.979
2.046 2.016 0.998 -0.000 0.000 0.010 2.046 -0.979
2.066 2.026 0.998 -0.000 0.000 0.010 2.066 -0.979
2.087 2.036 0.998 0.000 0.000 0.010 2.087 -0.979
2.107 2.046 0.998 -0.000 0.000 0.010 2.107 -0.979
2.128 2.056 0.998 0.000 0.000 0.010 2.128 -0.979
2.148 2.066 0.998 -0.000 0.000 0.010 2.148 -0.979
2.169 2.076 0.998 0.000 0.000 0.010 2.169 -0.979
2.190 2.086 0.998 0.000 0.000 0.010 2.190 -0.979
2.211 2.096 0.998 -0.000 0.000 0.010 2.211 -0.979
2.232 2.106 0.998 0.000 0.000 0.010 2.232 -0.979
2.253 2.116 0.998 -0.000 0.000 0.010 2.253 -0.979
2.274 2.126 0.998 -0.000 0.000 0.010 2.274 -0.979
2.296 2.136 0.998 0.000 0.000 0.010 2.296 -0.979
2.317 2.146 0.998 0.000 0.000 0.010 2.317 -0.979
2.339 2.156 0.998 -0.000 0.000 0.010 2.339 -0.979
2.361 2.166 0.998 0.000 0.000 0.010 2.361 -0.979
2.382 2.176 0.998 -0.000 0.000 0.010 2.382 -0.979
2.404 2.186 0.998 0.000 0.000 0.010 2.404 -0.979
2.426 2.196 0.998 0.000 0.000 0.010 2.426 -0.979
2.448 2.206 0.998 -0.000 0.000 0.010 2.448 -0.979
2.470 2.215 0.998 0.000 0.000 0.010 2.470 -0.979
2.493 2.225 0.998 0.000 0.000 0.010 2.493 -0.979
2.515 2.235 0.998 -0.000 0.000 0.010 2.515 -0.979
2.537 2.245 0.998 0.000 0.000 0.010 2.537 -0.979
2.560 2.255 0.998 -0.000 0.000 0.010 2.560 -0.979
2.583 2.265 0.998 0.000 0.000 0.010 2.583 -0.979
2.605 2.275 0.998 0.000 0.000 0.010 2.605 -0.979
2.628 2.285 0.998 0.000 0.000 0.010 2.628 -0.979
2.651 2.295 0.998 -0.000 0.000 0.010 2.651 -0.979
2.674 2.305 0.998 0.000 0.000 0.010 2.674 -0.979
2.697 2.315 0.998 0.000 0.000 0.010 2.697 -0.979
2.721 2.325 0.998 -0.000 0.000 0.010 2.721 -0.979
2.744 2.335 0.998 0.000 0.000 0.010 2.744 -0.979
2.767 2.345 0.998 -0.000 0.000 0.010 2.767 -0.979
2.791 2.355 0.998 0.000 0.000 0.010 2.791 -0.979
2.815 2.365 0.998 -0.000 0.000 0.010 2.815 -0.979
2.838 2.375 0.998 0.000 0.000 0.010 2.838 -0.979
2.862 2.385 0.998 0.000 0.000 0.010 2.862 -0.979
2.886 2.395 0.998 0.000 0.000 0.010 2.886 -0.979
2.910 2.405 0.998 0.000 0.000 0.010 2.910 -0.979
2.934 2.415 0.998 -0.000 0.000 0.010 2.934 -0.979
2.959 2.425 0.998 0.000 0.000 0.010 2.959 -0.979
2.983 2.435 0.998 0.000 0.000 0.010 2.983 -0.979
3.007 2.445 0.998 -0.000 0.000 0.010 3.007 -0.979
3.032 2.455 0.998 0.000 0.000 0.010 3.032 -0.979
3.057 2.465 0.998 0.000 0.000 0.010 3.057 -0.979
3.081 2.475 0.998 0.000 0.000 0.010 3.081 -0.979
3.106 2.485 0.998 -0.000 0.000 0.010 3.106 -0.979
3.131 2.495 0.998 0.000 0.000 0.010 3.131 -0.979
3.156 2.505 0.998 0.000 0.000 0.010 3.156 -0.979
3.181 2.515 0.998 -0.000 0.000 0.010 3.181 -0.979
3.207 2.525 0.998 0.000 0.000 0.010 3.207 -0.979
3.232 2.535 0.998 0.000 0.000 0.010 3.232 -0.979
3.257 2.545 0.998 -0.000 0.000 0.010 3.257 -0.979
3.283 2.555 0.998 0.000 0.000 0.010 3.283 -0.979
3.309 2.565 0.998 0.000 0.000 0.010 3.309 -0.979
3.334 2.575 0.998 -0.000 0.000 0.010 3.334 -0.979
3.360 2.585 0.998 0.000 0.000 0.010 3.360 -0.979
3.386 2.595 0.998 -0.000 0.000 0.010 3.386 -0.979
3.412 2.605 0.998 -0.000 0.000 0.010 3.412 -0.979
3.438 2.615 0.998 0.000 0.000 0.010 3.438 -0.979
3.465 2.625 0.998 -0.000 0.000 0.010 3.465 -0.979
3.491 2.635 0.998 0.000 0.000 0.010 3.491 -0.979
3.517 2.645 0.998 0.000 0.000 0.010 3.517 -0.979
3.544 2.655 0.998 -0.000 0.000 0.010 3.544 -0.979
3.571 2.665 0.998 -0.000 0.000 0.010 3.571 -0.979
3.597 2.675 0.998 0.000 0.000 0.010 3.597 -0.979
3.624 2.685 0.998 -0.000 0.000 0.010 3.624 -0.979
3.651 2.695 0.998 0.000 0.000 0.010 3.651 -0.979
3.678 2.704 0.998 -0.000 0.000 0.010 3.678 -0.979
3.705 2.714 0.998 0.000 0.000 0.010 3.705 -0.979
3.733 2.724 0.998 -0.000 0.000 0.010 3.733 -0.979
3.760 2.734 0.998 -0.000 0.000 0.010 3.760 -0.979
3.787 2.744 0.998 0.000 0.000 0.010 3.787 -0.979
3.815 2.754 0.998 -0.000 0.000 0.010 3.815 -0.979
3.842 2.764 0.998 0.000 0.000 0.010 3.842 -0.979
3.870 2.774 0.998 0.000 0.000 0.010 3.870 -0.979
3.898 2.784 0.998 -0.000 0.000 0.010 3.898 -0.979
3.926 2.794 0.998 0.000 0.000 0.010 3.926 -0.979
3.954 2.804 0.998 -0.000 0.000 0.010 3.954 -0.979
3.982 2.814 0.998 -0.000 0.000 0.010 3.982 -0.979
4.010 2.824 0.998 0.000 0.000 0.010 4.010 -0.979
4.039 2.834 0.998 -0.000 0.000 0.010 4.039 -0.979
4.067 2.844 0.998 0.000 0.000 0.010 4.067 -0.979
4.096 2.854 0.998 0.000 0.000 0.010 4.096 -0.979
4.124 2.864 0.998 -0.000 0.000 0.010 4.124 -0.979
4.153 2.874 0.998 0.000 0.000 0.010 4.153 -0.979
4.182 2.884 0.998 0.000 0.000 0.010 4.182 -0.979
4.211 2.894 0.998 0.000 0.000 0.010 4.211 -0.979
4.240 2.904 0.998 -0.000 0.000 0.010 4.240 -0.979
4.269 2.914 0.998 -0.000 0.000 0.010 4.269 -0.979
4.298 2.924 0.998 0.000 0.000 0.010 4.298 -0.979
4.328 2.934 0.998 -0.000 0.000 0.010 4.328 -0.979
4.357 2.944 0.998 0.000 0.000 0.010 4.357 -0.979
4.387 2.954 0.998 -0.000 0.000 0.010 4.387 -0.979
4.416 2.964 0.998 0.000 0.000 0.010 4.416 -0.979
4.446 2.974 0.998 0.000 0.000 0.010 4.446 -0.979
4.476 2.984 0.998 -0.000 0.000 0.010 4.476 -0.979
4.506 2.994 0.998 0.000 0.000 0.010 4.506 -0.979
4.536 3.004 0.998 -0.000 0.000 0.010 4.536 -0.979
4.566 3.014 0.998 0.000 0.000 0.010 4.566 -0.979
4.596 3.024 0.998 -0.000 0.000 0.010 4.596 -0.979
4.627 3.034 0.998 0.000 0.000 0.010 4.627 -0.979
4.657 3.044 0.998 -0.000 0.000 0.010 4.657 -0.979
4.688 3.054 0.998 0.000 0.000 0.010 4.688 -0.979
4.718 3.064 0.998 -0.000 0.000 0.010 4.718 -0.979
4.749 3.074 0.998 0.000 0.000 0.010 4.749 -0.979
4.780 3.084 0.998 -0.000 0.000 0.010 4.780 -0.979
4.811 3.094 0.998 0.000 0.000 0.010 4.811 -0.979
4.842 3.104 0.998 -0.000 0.000 0.010 4.842 -0.979
4.873 3.114 0.998 0.000 0.000 0.010 4.873 -0.979
4.904 3.124 0.998 -0.000 0.000 0.010 4.904 -0.979
4.935 3.134 0.998 -0.000 0.000 0.010 4.935 -0.979
4.967 3.144 0.998 0.000 0.000 0.010 4.967 -0.979
4.998 3.154 0.998 0.000 0.000 0.010 4.998 -0.979
5.030 3.164 0.998 -0.000 0.000 0.010 5.030 -0.979
5.062 3.174 0.998 0.000 0.000 0.010 5.062 -0.979
5.094 3.184 0.998 0.000 0.000 0.010 5.094 -0.979
5.126 3.193 0.998 -0.000 0.000 0.010 5.126 -0.979
5.158 3.203 0.998 0.000 0.000 0.010 5.158 -0.979
5.190 3.213 0.998 -0.000 0.000 0.010 5.190 -0.979
5.222 3.223 0.998 0.000 0.000 0.010 5.222 -0.979
5.254 3.233 0.998 -0.000 0.000 0.010 5.254 -0.979
5.287 3.243 0.998 0.000 0.000 0.010 5.287 -0.979
5.319 3.253 0.998 0.000 0.000 0.010 5.319 -0.979
5.352 3.263 0.998 -0.000 0.000 0.010 5.352 -0.979
5.385 3.273 0.998 0.000 0.000 0.010 5.385 -0.979
5.417 3.283 0.998 -0.000 0.000 0.010 5.417 -0.979
5.450 3.293 0.998 0.000 0.000 0.010 5.450 -0.979
5.483 3.303 0.998 -0.000 0.000 0.010 5.483 -0.979
5.517 3.313 0.998 0.000 0.000 0.010 5.517 -0.979
5.550 3.323 0.998 0.000 0.000 0.010 5.550 -0.979
5.583 3.333 0.998 -0.000 0.000 0.010 5.583 -0.979
5.617 3.343 0.998 0.000 0.000 0.010 5.617 -0.979
5.650 3.353 0.998 -0.000 0.000 0.010 5.650 -0.979
5.684 3.363 0.998 0.000 0.000 0.010 5.684 -0.979
5.717 3.373 0.998 0.000 0.000 0.010 5.717 -0.979
5.751 3.383 0.998 -0.000 0.000 0.010 5.751 -0.979
5.785 3.393 0.998 0.000 0.000 0.010 5.785 -0.979
5.819 3.403 0.998 -0.000 0.000 0.010 5.819 -0.979
5.853 3.413 0.998 0.000 0.000 0.010 5.853 -0.979
5.888 3.423 0.998 -0.000 0.000 0.010 5.888 -0.979
5.922 3.433 0.998 0.000 0.000 0.010 5.922 -0.979
5.956 3.443 0.998 -0.000 0.000 0.010 5.956 -0.979
5.991 3.453 0.998 0.000 0.000 0.010 5.991 -0.979
6.026 3.463 0.998 0.000 0.000 0.010 6.026 -0.979
6.060 3.473 0.998 -0.000 0.000 0.010 6.060 -0.979
6.095 3.483 0.998 0.000 0.000 0.010 6.095 -0.979
6.130 3.493 0.998 -0.000 0.000 0.010 6.130 -0.979
6.165 3.503 0.998 0.000 0.000 0.010 6.165 -0.979
6.200 3.513 0.998 -0.000 0.000 0.010 6.200 -0.979
6.235 3.523 0.998 0.000 0.000 0.010 6.235 -0.979
6.271 3.533 0.998 0.000 0.000 0.010 6.271 -0.979
6.306 3.543 0.998 -0.000 0.000 0.010 6.306 -0.979
6.342 3.553 0.998 0.000 0.000 0.010 6.342 -0.979
6.377 3.563 0.998 0.000 0.000 0.010 6.377 -0.979
6.413 3.573 0.998 -0.000 0.000 0.010 6.413 -0.979
6.449 3.583 0.998 0.000 0.000 0.010 6.449 -0.979
6.485 3.593 0.998 0.000 0.000 0.010 6.485 -0.979
6.521 3.603 0.998 -0.000 0.000 0.010 6.521 -0.979
6.557 3.613 0.998 0.000 0.000 0.010 6.557 -0.979
6.593 3.623 0.998 0.000 0.000 0.010 6.593 -0.979
6.630 3.633 0.998 0.000 0.000 0.010 6.630 -0.979
6.666 3.643 0.998 0.000 0.000 0.010 6.666 -0.979
6.702 3.653 0.998 -0.000 0.000 0.010 6.702 -0.979
6.739 3.663 0.998 -0.000 0.000 0.010 6.739 -0.979
6.776 3.673 0.998 0.000 0.000 0.010 6.776 -0.979
6.813 3.683 0.998 0.000 0.000 0.010 6.813 -0.979
6.850 3.692 0.998 -0.000 0.000 0.010 6.850 -0.979
6.887 3.702 0.998 0.000 0.000 0.010 6.887 -0.979
6.924 3.712 0.998 0.000 0.000 0.010 6.924 -0.979
6.961 3.722 0.998 -0.000 0.000 0.010 6.961 -0.979
6.998 3.732 0.998 -0.000 0.000 0.010 6.998 -0.979
7.036 3.755 2.273 127.463 0.000 0.010 7.036 -0.979
7.074 3.793 3.777 150.483 0.001 0.010 7.074 -0.979
7.112 3.830 3.753 -2.437 0.001 0.010 7.112 -0.979
7.151 3.868 3.731 -2.252 0.002 0.010 7.151 -0.979
7.190 3.905 3.713 -1.787 0.003 0.010 7.190 -0.979
7.229 3.942 3.699 -1.342 0.005 0.010 7.229 -0.979
7.269 3.979 3.690 -0.915 0.007 0.010 7.269 -0.978
7.309 4.016 3.685 -0.505 0.009 0.010 7.309 -0.978
7.350 4.052 3.684 -0.111 0.011 0.010 7.350 -0.978
7.391 4.089 3.687 0.268 0.014 0.010 7.391 -0.977
7.432 4.126 3.693 0.632 0.017 0.010 7.432 -0.977
7.473 4.163 3.703 0.981 0.020 0.010 7.473 -0.976
7.515 4.200 3.716 1.317 0.023 0.010 7.515 -0.975
7.558 4.238 3.732 1.638 0.027 0.010 7.558 -0.974
7.601 4.275 3.752 1.945 0.031 0.010 7.601 -0.973
7.644 4.313 3.774 2.238 0.035 0.010 7.644 -0.971
7.687 4.351 3.799 2.515 0.040 0.010 7.687 -0.970
7.731 4.389 3.827 2.776 0.045 0.010 7.731 -0.968
7.775 4.428 3.857 3.020 0.050 0.010 7.775 -0.966
7.820 4.467 3.890 3.246 0.056 0.010 7.820 -0.963
7.865 4.506 3.924 3.452 0.061 0.010 7.865 -0.961
7.911 4.546 3.961 3.635 0.067 0.010 7.910 -0.958
7.956 4.586 3.999 3.796 0.074 0.010 7.956 -0.954
8.003 4.626 4.038 3.929 0.080 0.010 8.002 -0.951
8.049 4.667 4.078 4.034 0.087 0.010 8.049 -0.947
8.096 4.708 4.119 4.106 0.095 0.010 8.095 -0.943
8.144 4.750 4.161 4.143 0.102 0.010 8.143 -0.938
8.192 4.789 3.903 -25.752 0.110 0.010 8.190 -0.933
8.240 4.819 3.091 -81.216 0.119 0.010 8.238 -0.927
8.288 4.842 2.256 -83.466 0.127 0.010 8.286 -0.921
8.337 4.861 1.896 -36.013 0.136 0.010 8.334 -0.915
8.386 4.879 1.831 -6.495 0.145 0.010 8.383 -0.908
8.435 4.897 1.819 -1.271 0.155 0.010 8.431 -0.901
8.484 4.916 1.803 -1.599 0.164 0.010 8.480 -0.893
8.533 4.933 1.783 -1.974 0.174 0.010 8.528 -0.885
8.583 4.951 1.759 -2.395 0.185 0.010 8.577 -0.876
8.633 4.968 1.730 -2.865 0.195 0.010 8.626 -0.867
8.682 4.985 1.696 -3.380 0.206 0.010 8.675 -0.857
8.732 5.002 1.657 -3.941 0.217 0.010 8.724 -0.846
8.783 5.018 1.612 -4.545 0.228 0.010 8.773 -0.835
8.833 5.033 1.560 -5.190 0.240 0.010 8.821 -0.823
8.883 5.048 1.501 -5.874 0.252 0.010 8.870 -0.811
8.934 5.063 1.435 -6.591 0.264 0.010 8.919 -0.798
8.985 5.076 1.362 -7.338 0.277 0.010 8.968 -0.785
9.036 5.089 1.280 -8.110 0.289 0.010 9.017 -0.770
9.087 5.101 1.191 -8.900 0.302 0.010 9.066 -0.756
9.138 5.112 1.094 -9.702 0.315 0.010 9.115 -0.740
9.189 5.122 0.989 -10.507 0.328 0.010 9.163 -0.724
9.240 5.131 0.876 -11.308 0.342 0.010 9.212 -0.707
9.292 5.138 0.755 -12.096 0.355 0.010 9.260 -0.689
9.343 5.145 0.627 -12.862 0.369 0.010 9.308 -0.671
9.395 5.150 0.491 -13.596 0.383 0.010 9.356 -0.652
9.446 5.153 0.348 -14.290 0.397 0.010 9.404 -0.633
9.498 5.155 0.199 -14.933 0.411 0.010 9.451 -0.612
9.549 5.155 0.043 -15.516 0.426 0.010 9.498 -0.591
9.601 5.154 -0.117 -16.032 0.440 0.010 9.545 -0.570
9.652 5.151 -0.282 -16.472 0.455 0.010 9.591 -0.548
9.704 5.147 -0.450 -16.829 0.469 0.010 9.637 -0.525
9.755 5.141 -0.621 -17.098 0.484 0.010 9.683 -0.501
9.807 5.133 -0.794 -17.274 0.498 0.010 9.728 -0.477
9.858 5.123 -0.967 -17.353 0.513 0.010 9.773 -0.452
9.909 5.112 -1.141 -17.335 0.527 0.010 9.818 -0.427
9.960 5.099 -1.313 -17.218 0.542 0.010 9.861 -0.401
10.011 5.084 -1.483 -17.005 0.557 0.010 9.905 -0.374
10.061 5.067 -1.650 -16.697 0.571 0.010 9.948 -0.347
10.112 5.049 -1.813 -16.299 0.585 0.010 9.990 -0.319
10.162 5.029 -1.971 -15.817 0.600 0.010 10.032 -0.291
10.212 5.008 -2.123 -15.257 0.614 0.010 10.073 -0.263
10.262 4.985 -2.270 -14.627 0.628 0.010 10.113 -0.234
10.312 4.961 -2.409 -13.935 0.642 0.010 10.153 -0.204
10.361 4.936 -2.541 -13.189 0.655 0.010 10.193 -0.175
10.410 4.909 -2.665 -12.400 0.669 0.010 10.231 -0.144
10.459 4.882 -2.781 -11.576 0.682 0.010 10.269 -0.114
10.508 4.853 -2.888 -10.727 0.695 0.010 10.307 -0.083
10.556 4.823 -2.987 -9.861 0.708 0.010 10.344 -0.052
10.604 4.792 -3.076 -8.988 0.721 0.010 10.380 -0.020
10.651 4.760 -3.158 -8.116 0.734 0.010 10.416 0.011
10.699 4.728 -3.230 -7.252 0.746 0.010 10.450 0.043
10.745 4.695 -3.294 -6.404 0.758 0.010 10.485 0.075
10.792 4.662 -3.350 -5.576 0.770 0.010 10.518 0.107
10.838 4.628 -3.398 -4.775 0.781 0.010 10.551 0.140
10.884 4.593 -3.438 -4.005 0.793 0.010 10.584 0.172
10.930 4.559 -3.470 -3.269 0.804 0.010 10.616 0.205
10.975 4.524 -3.496 -2.571 0.814 0.010 10.647 0.238
11.020 4.489 -3.515 -1.913 0.825 0.010 10.678 0.270
11.065 4.453 -3.528 -1.295 0.835 0.010 10.708 0.303
11.109 4.418 -3.535 -0.720 0.845 0.010 10.737 0.336
11.153 4.383 -3.537 -0.188 0.855 0.010 10.766 0.369
11.196 4.347 -3.534 0.303 0.865 0.010 10.794 0.402
11.239 4.312 -3.527 0.752 0.874 0.010 10.822 0.435
11.282 4.277 -3.515 1.160 0.883 0.010 10.849 0.468
11.324 4.242 -3.500 1.529 0.892 0.010 10.876 0.501
11.366 4.207 -3.481 1.859 0.900 0.010 10.903 0.534
11.408 4.172 -3.460 2.154 0.908 0.010 10.928 0.567
11.450 4.138 -3.436 2.414 0.916 0.010 10.954 0.599
11.491 4.104 -3.409 2.642 0.924 0.010 10.979 0.632
11.531 4.070 -3.381 2.839 0.932 0.010 11.003 0.664
11.572 4.037 -3.351 3.008 0.939 0.010 11.027 0.697
11.612 4.003 -3.319 3.149 0.946 0.010 11.050 0.729
11.651 3.971 -3.287 3.267 0.953 0.010 11.074 0.762
11.691 3.938 -3.253 3.362 0.959 0.010 11.096 0.794
11.730 3.906 -3.219 3.436 0.966 0.010 11.119 0.826
11.769 3.874 -3.184 3.492 0.972 0.010 11.141 0.858
11.807 3.842 -3.148 3.530 0.978 0.010 11.162 0.890
11.845 3.811 -3.113 3.552 0.983 0.010 11.183 0.921
11.883 3.781 -3.077 3.561 0.989 0.010 11.204 0.953
11.920 3.750 -3.042 3.557 0.994 0.010 11.225 0.984
11.958 3.720 -3.006 3.542 0.999 0.010 11.245 1.015
11.994 3.690 -2.971 3.517 1.004 0.010 11.265 1.046
12.031 3.661 -2.936 3.483 1.009 0.010 11.284 1.077
12.067 3.632 -2.902 3.441 1.013 0.010 11.304 1.108
12.103 3.603 -2.868 3.393 1.017 0.010 11.323 1.139
12.139 3.575 -2.835 3.339 1.021 0.010 11.341 1.169
12.175 3.547 -2.802 3.280 1.025 0.010 11.360 1.200
12.210 3.519 -2.770 3.217 1.029 0.010 11.378 1.230
12.245 3.492 -2.738 3.150 1.033 0.010 11.396 1.260
12.279 3.465 -2.707 3.081 1.036 0.010 11.414 1.289
12.314 3.438 -2.677 3.009 1.039 0.010 11.431 1.319
12.348 3.412 -2.648 2.935 1.042 0.010 11.448 1.348
12.382 3.385 -2.619 2.860 1.045 0.010 11.465 1.378
12.415 3.359 -2.591 2.785 1.048 0.010 11.482 1.407
12.449 3.334 -2.564 2.708 1.050 0.010 11.499 1.436
12.482 3.308 -2.538 2.632 1.053 0.010 11.515 1.464
12.515 3.283 -2.512 2.555 1.055 0.010 11.532 1.493
12.547 3.258 -2.488 2.479 1.057 0.010 11.548 1.521
12.580 3.234 -2.464 2.403 1.059 0.010 11.563 1.549
12.612 3.209 -2.440 2.328 1.061 0.010 11.579 1.577
12.643 3.185 -2.418 2.254 1.062 0.010 11.595 1.605
12.675 3.161 -2.396 2.181 1.064 0.010 11.610 1.633
12.706 3.138 -2.375 2.110 1.065 0.010 11.625 1.660
12.738 3.114 -2.354 2.039 1.066 0.010 11.640 1.688
12.769 3.091 -2.335 1.971 1.067 0.010 11.655 1.715
12.799 3.067 -2.316 1.903 1.068 0.010 11.670 1.742
12.830 3.044 -2.297 1.838 1.069 0.010 11.685 1.768
12.860 3.022 -2.280 1.774 1.070 0.010 11.699 1.795
12.890 2.999 -2.263 1.711 1.070 0.010 11.714 1.821
12.920 2.977 -2.246 1.651 1.071 0.010 11.728 1.847
12.949 2.954 -2.230 1.592 1.071 0.010 11.742 1.873
12.978 2.932 -2.215 1.535 1.071 0.010 11.756 1.899
13.008 2.910 -2.200 1.480 1.071 0.010 11.770 1.924
13.036 2.888 -2.186 1.427 1.071 0.010 11.784 1.950
13.065 2.867 -2.172 1.376 1.071 0.010 11.798 1.975
13.094 2.845 -2.159 1.326 1.071 0.010 11.811 2.000
13.122 2.824 -2.146 1.279 1.070 0.010 11.825 2.025
13.150 2.802 -2.134 1.233 1.070 0.010 11.838 2.049
13.178 2.781 -2.122 1.190 1.069 0.010 11.852 2.074
13.205 2.760 -2.110 1.148 1.068 0.010 11.865 2.098
13.233 2.739 -2.099 1.108 1.067 0.010 11.878 2.122
13.260 2.718 -2.088 1.071 1.066 0.010 11.891 2.146
13.287 2.697 -2.078 1.035 1.065 0.010 11.904 2.169
13.314 2.677 -2.068 1.001 1.064 0.010 11.917 2.193
13.340 2.656 -2.058 0.969 1.063 0.010 11.930 2.216
13.366 2.635 -2.049 0.939 1.061 0.010 11.943 2.239
13.393 2.615 -2.040 0.911 1.060 0.010 11.956 2.262
13.419 2.595 -2.031 0.885 1.058 0.010 11.968 2.284
13.444 2.575 -2.022 0.861 1.056 0.010 11.981 2.307
13.470 2.554 -2.014 0.839 1.054 0.010 11.994 2.329
13.495 2.534 -2.006 0.818 1.053 0.010 12.006 2.351
13.520 2.514 -1.998 0.800 1.050 0.010 12.019 2.373
13.545 2.494 -1.990 0.784 1.048 0.010 12.031 2.394
13.570 2.475 -1.982 0.769 1.046 0.010 12.044 2.416
13.595 2.455 -1.975 0.757 1.044 0.010 12.056 2.437
13.619 2.435 -1.967 0.746 1.041 0.010 12.068 2.458
13.643 2.416 -1.960 0.738 1.039 0.010 12.080 2.479
13.667 2.396 -1.953 0.731 1.036 0.010 12.093 2.500
13.691 2.377 -1.945 0.727 1.033 0.010 12.105 2.520
13.714 2.357 -1.938 0.724 1.030 0.010 12.117 2.540
13.738 2.338 -1.931 0.723 1.027 0.010 12.129 2.560
13.761 2.319 -1.924 0.724 1.024 0.010 12.141 2.580
13.784 2.300 -1.916 0.728 1.021 0.010 12.153 2.600
13.807 2.280 -1.909 0.733 1.018 0.010 12.165 2.619
13.829 2.261 -1.902 0.740 1.015 0.010 12.177 2.638
13.852 2.243 -1.894 0.749 1.011 0.010 12.189 2.657
13.874 2.224 -1.886 0.760 1.008 0.010 12.200 2.676
13.896 2.205 -1.879 0.772 1.004 0.010 12.212 2.695
13.918 2.186 -1.871 0.787 1.001 0.010 12.224 2.713
13.940 2.168 -1.863 0.804 0.997 0.010 12.236 2.731
13.961 2.149 -1.855 0.822 0.993 0.010 12.247 2.750
13.982 2.131 -1.846 0.842 0.989 0.010 12.259 2.767
14.004 2.112 -1.838 0.865 0.985 0.010 12.271 2.785
14.024 2.094 -1.829 0.888 0.981 0.010 12.282 2.802
14.045 2.076 -1.820 0.914 0.977 0.010 12.294 2.820
14.066 2.058 -1.810 0.941 0.972 0.010 12.305 2.837
14.086 2.040 -1.800 0.970 0.968 0.010 12.317 2.853
14.106 2.022 -1.790 1.001 0.964 0.010 12.328 2.870
14.126 2.004 -1.780 1.033 0.959 0.010 12.340 2.887
14.146 1.986 -1.769 1.067 0.954 0.010 12.351 2.903
14.166 1.969 -1.758 1.102 0.950 0.010 12.363 2.919
14.186 1.951 -1.747 1.138 0.945 0.010 12.374 2.935
14.205 1.934 -1.735 1.176 0.940 0.010 12.386 2.950
14.224 1.917 -1.723 1.214 0.935 0.010 12.397 2.966
14.243 1.899 -1.711 1.254 0.930 0.010 12.408 2.981
14.262 1.882 -1.698 1.295 0.925 0.010 12.420 2.996
14.281 1.866 -1.684 1.337 0.920 0.010 12.431 3.011
14.299 1.849 -1.670 1.380 0.915 0.010 12.442 3.026
14.317 1.832 -1.656 1.423 0.910 0.010 12.453 3.040
14.335 1.816 -1.642 1.467 0.904 0.010 12.464 3.054
14.353 1.800 -1.626 1.511 0.899 0.010 12.476 3.068
14.371 1.784 -1.611 1.555 0.893 0.010 12.487 3.082
14.389 1.768 -1.595 1.600 0.888 0.010 12.498 3.096
14.407 1.752 -1.578 1.645 0.882 0.010 12.509 3.110
14.424 1.736 -1.562 1.689 0.877 0.010 12.520 3.123
14.441 1.721 -1.544 1.734 0.871 0.010 12.531 3.136
14.458 1.705 -1.526 1.778 0.865 0.010 12.542 3.149
14.475 1.690 -1.508 1.821 0.860 0.010 12.553 3.162
14.492 1.676 -1.490 1.864 0.854 0.010 12.564 3.175
14.508 1.661 -1.471 1.905 0.848 0.010 12.575 3.187
14.525 1.646 -1.451 1.946 0.842 0.010 12.586 3.200
14.541 1.632 -1.431 1.986 0.836 0.010 12.597 3.212
14.557 1.618 -1.411 2.024 0.830 0.010 12.608 3.224
14.573 1.604 -1.390 2.060 0.824 0.010 12.619 3.236
14.589 1.590 -1.369 2.095 0.818 0.010 12.629 3.247
14.605 1.577 -1.348 2.128 0.812 0.010 12.640 3.259
14.621 1.564 -1.327 2.160 0.805 0.010 12.651 3.270
14.636 1.550 -1.305 2.189 0.799 0.010 12.662 3.281
14.652 1.538 -1.282 2.216 0.793 0.010 12.673 3.292
14.667 1.525 -1.260 2.240 0.787 0.010 12.683 3.303
14.682 1.513 -1.237 2.262 0.780 0.010 12.694 3.314
14.697 1.501 -1.215 2.282 0.774 0.010 12.705 3.324
14.712 1.489 -1.192 2.299 0.768 0.010 12.715 3.334
14.727 1.477 -1.169 2.313 0.761 0.010 12.726 3.345
14.741 1.465 -1.145 2.324 0.755 0.010 12.737 3.355
14.756 1.454 -1.122 2.332 0.749 0.010 12.747 3.365
14.770 1.443 -1.099 2.338 0.742 0.010 12.758 3.375
14.785 1.433 -1.075 2.340 0.736 0.010 12.768 3.384
14.799 1.422 -1.052 2.339 0.730 0.010 12.779 3.394
14.813 1.412 -1.028 2.336 0.723 0.010 12.790 3.403
14.827 1.402 -1.005 2.329 0.717 0.010 12.800 3.412
14.841 1.392 -0.982 2.319 0.710 0.010 12.811 3.421
14.855 1.382 -0.959 2.305 0.704 0.010 12.821 3.430
14.868 1.373 -0.936 2.289 0.698 0.010 12.832 3.439
14.882 1.364 -0.913 2.270 0.691 0.010 12.842 3.448
14.896 1.355 -0.891 2.248 0.685 0.010 12.853 3.457
14.909 1.346 -0.869 2.223 0.679 0.010 12.863 3.465
14.922 1.338 -0.847 2.195 0.672 0.010 12.874 3.473
14.936 1.329 -0.825 2.164 0.666 0.010 12.884 3.482
14.949 1.321 -0.804 2.131 0.660 0.010 12.894 3.490
14.962 1.314 -0.783 2.095 0.653 0.010 12.905 3.498
14.975 1.306 -0.762 2.057 0.647 0.010 12.915 3.506
14.988 1.299 -0.742 2.016 0.641 0.010 12.926 3.514
15.001 1.291 -0.722 1.973 0.635 0.010 12.936 3.521
15.014 1.284 -0.703 1.928 0.628 0.010 12.946 3.529
15.027 1.277 -0.684 1.881 0.622 0.010 12.957 3.536
15.039 1.271 -0.666 1.832 0.616 0.010 12.967 3.544
15.052 1.264 -0.648 1.782 0.610 0.010 12.977 3.551
15.065 1.258 -0.631 1.730 0.604 0.010 12.988 3.558
15.077 1.252 -0.614 1.677 0.598 0.010 12.998 3.565
15.090 1.246 -0.598 1.622 0.592 0.010 13.008 3.572
15.102 1.240 -0.582 1.567 0.586 0.010 13.019 3.579
15.114 1.234 -0.567 1.510 0.580 0.010 13.029 3.586
15.127 1.229 -0.552 1.453 0.575 0.010 13.039 3.593
15.139 1.223 -0.539 1.395 0.569 0.010 13.049 3.599
15.151 1.218 -0.525 1.337 0.563 0.010 13.060 3.606
15.163 1.213 -0.512 1.278 0.558 0.010 13.070 3.612
15.175 1.208 -0.500 1.219 0.552 0.010 13.080 3.619
15.187 1.203 -0.489 1.160 0.546 0.010 13.091 3.625
15.199 1.198 -0.478 1.101 0.541 0.010 13.101 3.631
15.211 1.194 -0.467 1.043 0.535 0.010 13.111 3.637
15.223 1.189 -0.457 0.984 0.530 0.010 13.121 3.643
15.235 1.185 -0.448 0.926 0.525 0.010 13.132 3.649
15.247 1.180 -0.439 0.869 0.519 0.010 13.142 3.655
15.258 1.176 -0.431 0.812 0.514 0.010 13.152 3.661
15.270 1.172 -0.424 0.756 0.509 0.010 13.162 3.667
15.282 1.168 -0.417 0.700 0.504 0.010 13.172 3.672
15.293 1.164 -0.410 0.646 0.499 0.010 13.183 3.678
15.305 1.159 -0.404 0.592 0.494 0.010 13.193 3.683
15.317 1.155 -0.399 0.539 0.489 0.010 13.203 3.689
15.328 1.152 -0.394 0.488 0.484 0.010 13.213 3.694
15.340 1.148 -0.390 0.437 0.479 0.010 13.223 3.699
15.351 1.144 -0.386 0.388 0.474 0.010 13.234 3.705
15.362 1.140 -0.382 0.340 0.470 0.010 13.244 3.710
15.374 1.136 -0.379 0.294 0.465 0.010 13.254 3.715
15.385 1.132 -0.377 0.248 0.461 0.010 13.264 3.720
15.396 1.129 -0.375 0.204 0.456 0.010 13.274 3.725
15.408 1.125 -0.373 0.161 0.452 0.010 13.284 3.730
15.419 1.121 -0.372 0.120 0.447 0.010 13.294 3.735
15.430 1.117 -0.371 0.079 0.443 0.010 13.304 3.740
15.441 1.114 -0.371 0.041 0.439 0.010 13.314 3.744
15.452 1.110 -0.371 0.003 0.434 0.010 13.325 3.749
15.463 1.106 -0.371 -0.033 0.430 0.010 13.335 3.754
15.474 1.103 -0.372 -0.068 0.426 0.010 13.345 3.758
15.485 1.099 -0.373 -0.101 0.422 0.010 13.355 3.763
15.496 1.095 -0.374 -0.133 0.418 0.010 13.365 3.767
15.507 1.091 -0.376 -0.164 0.415 0.010 13.375 3.772
15.518 1.088 -0.378 -0.193 0.411 0.010 13.385 3.776
15.529 1.084 -0.380 -0.221 0.407 0.010 13.395 3.780
15.540 1.080 -0.382 -0.248 0.403 0.010 13.404 3.785
15.551 1.076 -0.385 -0.274 0.400 0.010 13.414 3.789
15.561 1.072 -0.388 -0.298 0.396 0.010 13.424 3.793
15.572 1.068 -0.391 -0.322 0.393 0.010 13.434 3.797
15.583 1.064 -0.395 -0.344 0.389 0.010 13.444 3.801
15.593 1.060 -0.398 -0.365 0.386 0.010 13.454 3.805
15.604 1.056 -0.402 -0.385 0.383 0.010 13.464 3.809
15.614 1.052 -0.406 -0.403 0.379 0.010 13.473 3.813
15.625 1.048 -0.411 -0.421 0.376 0.010 13.483 3.817
15.635 1.044 -0.415 -0.438 0.373 0.010 13.493 3.821
15.646 1.040 -0.420 -0.454 0.370 0.010 13.502 3.825
15.656 1.036 -0.424 -0.469 0.367 0.010 13.512 3.828
15.666 1.031 -0.429 -0.483 0.364 0.010 13.522 3.832
15.677 1.027 -0.434 -0.496 0.361 0.010 13.531 3.836
15.687 1.023 -0.439 -0.508 0.358 0.010 13.541 3.839
15.697 1.018 -0.444 -0.520 0.356 0.010 13.550 3.843
15.707 1.014 -0.450 -0.531 0.353 0.010 13.560 3.846
15.717 1.009 -0.455 -0.541 0.350 0.010 13.569 3.850
15.727 1.005 -0.460 -0.550 0.348 0.010 13.579 3.853
15.737 1.000 -0.466 -0.558 0.345 0.010 13.588 3.857
15.747 0.995 -0.472 -0.566 0.343 0.010 13.598 3.860
15.757 0.990 -0.477 -0.573 0.340 0.010 13.607 3.863
15.767 0.986 -0.483 -0.580 0.338 0.010 13.616 3.867
15.777 0.981 -0.489 -0.586 0.336 0.010 13.626 3.870
15.786 0.976 -0.495 -0.592 0.333 0.010 13.635 3.873
15.796 0.971 -0.501 -0.597 0.331 0.010 13.644 3.876
15.806 0.966 -0.507 -0.601 0.329 0.010 13.653 3.879
15.815 0.960 -0.513 -0.605 0.327 0.010 13.662 3.882
15.825 0.955 -0.519 -0.609 0.325 0.010 13.671 3.885
15.835 0.950 -0.525 -0.612 0.323 0.010 13.680 3.888
15.844 0.945 -0.531 -0.615 0.321 0.010 13.689 3.891
15.853 0.939 -0.538 -0.617 0.319 0.010 13.698 3.894
15.863 0.934 -0.544 -0.619 0.317 0.010 13.707 3.897
15.872 0.928 -0.550 -0.621 0.315 0.010 13.716 3.900
15.881 0.923 -0.556 -0.622 0.313 0.010 13.725 3.903
15.890 0.917 -0.562 -0.623 0.311 0.010 13.733 3.906
15.900 0.912 -0.569 -0.624 0.310 0.010 13.742 3.909
15.909 0.906 -0.575 -0.624 0.308 0.010 13.751 3.911
15.918 0.900 -0.581 -0.624 0.306 0.010 13.759 3.914
15.926 0.894 -0.587 -0.624 0.305 0.010 13.768 3.917
15.935 0.888 -0.594 -0.624 0.303 0.010 13.776 3.919
15.944 0.882 -0.600 -0.623 0.302 0.010 13.785 3.922
15.953 0.876 -0.606 -0.622 0.300 0.010 13.793 3.925
15.962 0.870 -0.612 -0.621 0.299 0.010 13.801 3.927
15.970 0.864 -0.619 -0.620 0.297 0.010 13.810 3.930
15.979 0.858 -0.625 -0.619 0.296 0.010 13.818 3.932
15.987 0.851 -0.631 -0.617 0.295 0.010 13.826 3.935
15.996 0.845 -0.637 -0.615 0.293 0.010 13.834 3.937
16.004 0.838 -0.643 -0.613 0.292 0.010 13.842 3.940
16.013 0.832 -0.649 -0.611 0.291 0.010 13.850 3.942
16.021 0.825 -0.655 -0.609 0.290 0.010 13.858 3.944
16.029 0.819 -0.661 -0.607 0.289 0.010 13.866 3.947
16.037 0.812 -0.667 -0.604 0.288 0.010 13.874 3.949
16.045 0.805 -0.673 -0.602 0.287 0.010 13.881 3.951
16.053 0.799 -0.679 -0.599 0.285 0.010 13.889 3.954
16.061 0.792 -0.685 -0.596 0.284 0.010 13.897 3.956
16.069 0.785 -0.691 -0.593 0.284 0.010 13.904 3.958
16.077 0.778 -0.697 -0.590 0.283 0.010 13.912 3.960
16.084 0.771 -0.703 -0.587 0.282 0.010 13.919 3.962
16.092 0.764 -0.709 -0.584 0.281 0.010 13.926 3.964
16.100 0.757 -0.715 -0.580 0.280 0.010 13.934 3.967
16.107 0.749 -0.721 -0.577 0.279 0.010 13.941 3.969
16.115 0.742 -0.726 -0.573 0.278 0.010 13.948 3.971
16.122 0.735 -0.732 -0.570 0.278 0.010 13.955 3.973
16.129 0.727 -0.738 -0.566 0.277 0.010 13.962 3.975
16.136 0.720 -0.743 -0.562 0.276 0.010 13.969 3.977
16.143 0.712 -0.749 -0.558 0.275 0.010 13.976 3.979
16.151 0.705 -0.754 -0.554 0.275 0.010 13.982 3.980
16.157 0.697 -0.760 -0.550 0.274 0.010 13.989 3.982
16.164 0.690 -0.765 -0.546 0.273 0.010 13.996 3.984
16.171 0.682 -0.771 -0.542 0.273 0.010 14.002 3.986
16.178 0.674 -0.776 -0.538 0.272 0.010 14.009 3.988
16.185 0.666 -0.781 -0.533 0.272 0.010 14.015 3.990
16.191 0.659 -0.787 -0.529 0.271 0.010 14.022 3.991
16.198 0.651 -0.792 -0.524 0.271 0.010 14.028 3.993
16.204 0.643 -0.797 -0.520 0.270 0.010 14.034 3.995
16.210 0.635 -0.802 -0.515 0.270 0.010 14.040 3.997
16.217 0.627 -0.807 -0.510 0.269 0.010 14.046 3.998
16.223 0.618 -0.813 -0.505 0.269 0.010 14.052 4.000
16.229 0.610 -0.818 -0.501 0.268 0.010 14.058 4.002
16.235 0.602 -0.822 -0.496 0.268 0.010 14.064 4.003
16.241 0.594 -0.827 -0.490 0.268 0.010 14.070 4.005
16.247 0.585 -0.832 -0.485 0.267 0.010 14.075 4.006
16.253 0.577 -0.837 -0.480 0.267 0.010 14.081 4.008
16.258 0.569 -0.842 -0.475 0.267 0.010 14.086 4.009
16.264 0.560 -0.846 -0.469 0.266 0.010 14.092 4.011
16.269 0.552 -0.851 -0.464 0.266 0.010 14.097 4.012
16.275 0.543 -0.856 -0.458 0.266 0.010 14.102 4.014
16.280 0.535 -0.860 -0.453 0.265 0.010 14.107 4.015
16.285 0.526 -0.865 -0.447 0.265 0.010 14.113 4.016
16.291 0.517 -0.869 -0.441 0.265 0.010 14.118 4.018
16.296 0.508 -0.873 -0.435 0.265 0.010 14.122 4.019
16.301 0.500 -0.878 -0.429 0.265 0.010 14.127 4.020
16.306 0.491 -0.882 -0.423 0.264 0.010 14.132 4.022
16.310 0.482 -0.886 -0.417 0.264 0.010 14.137 4.023
16.315 0.473 -0.890 -0.411 0.264 0.010 14.141 4.024
16.320 0.464 -0.894 -0.404 0.264 0.010 14.146 4.025
16.324 0.455 -0.898 -0.398 0.264 0.010 14.150 4.027
16.329 0.446 -0.902 -0.392 0.263 0.010 14.154 4.028
16.333 0.437 -0.906 -0.385 0.263 0.010 14.159 4.029
16.337 0.428 -0.910 -0.378 0.263 0.010 14.163 4.030
16.342 0.419 -0.914 -0.371 0.263 0.010 14.167 4.031
16.346 0.410 -0.917 -0.365 0.263 0.010 14.171 4.032
16.350 0.400 -0.921 -0.358 0.263 0.010 14.175 4.033
16.354 0.391 -0.924 -0.351 0.263 0.010 14.178 4.034
16.357 0.382 -0.928 -0.343 0.263 0.010 14.182 4.035
16.361 0.373 -0.931 -0.336 0.263 0.010 14.186 4.036
16.365 0.363 -0.934 -0.329 0.263 0.010 14.189 4.037
16.368 0.354 -0.938 -0.321 0.262 0.010 14.193 4.038
16.372 0.344 -0.941 -0.314 0.262 0.010 14.196 4.039
16.375 0.335 -0.944 -0.306 0.262 0.010 14.199 4.040
16.378 0.326 -0.947 -0.299 0.262 0.010 14.202 4.041
16.382 0.316 -0.950 -0.291 0.262 0.010 14.205 4.041
16.385 0.307 -0.952 -0.283 0.262 0.010 14.208 4.042
16.388 0.297 -0.955 -0.275 0.262 0.010 14.211 4.043
16.390 0.287 -0.958 -0.267 0.262 0.010 14.214 4.044
16.393 0.278 -0.961 -0.259 0.262 0.010 14.217 4.044
16.396 0.268 -0.963 -0.251 0.262 0.010 14.219 4.045
16.399 0.259 -0.965 -0.243 0.262 0.010 14.222 4.046
16.401 0.249 -0.968 -0.235 0.262 0.010 14.224 4.046
16.403 0.239 -0.970 -0.226 0.262 0.010 14.226 4.047
16.406 0.229 -0.972 -0.218 0.262 0.010 14.229 4.048
16.408 0.220 -0.974 -0.210 0.262 0.010 14.231 4.048
16.410 0.210 -0.976 -0.201 0.262 0.010 14.233 4.049
16.412 0.200 -0.978 -0.192 0.262 0.010 14.235 4.049
16.414 0.190 -0.980 -0.184 0.262 0.010 14.237 4.050
16.416 0.181 -0.982 -0.175 0.262 0.010 14.238 4.050
16.417 0.171 -0.984 -0.166 0.262 0.010 14.240 4.051
16.419 0.161 -0.985 -0.157 0.262 0.010 14.242 4.051
16.421 0.151 -0.987 -0.148 0.262 0.010 14.243 4.052
16.422 0.141 -0.988 -0.140 0.262 0.010 14.244 4.052
16.423 0.131 -0.989 -0.131 0.262 0.010 14.246 4.052
16.424 0.121 -0.990 -0.122 0.262 0.010 14.247 4.053
16.426 0.111 -0.992 -0.112 0.262 0.010 14.248 4.053
16.427 0.101 -0.993 -0.103 0.262 0.010 14.249 4.053
16.428 0.092 -0.994 -0.094 0.262 0.010 14.250 4.053
16.428 0.082 -0.994 -0.085 0.262 0.010 14.251 4.054
16.429 0.072 -0.995 -0.076 0.262 0.010 14.251 4.054
16.430 0.062 -0.996 -0.067 0.262 0.010 14.252 4.054
16.430 0.052 -0.996 -0.057 0.262 0.010 14.252 4.054
16.431 0.042 -0.997 -0.048 0.262 0.010 14.253 4.054
16.431 0.032 -0.997 -0.039 0.262 0.010 14.253 4.054
16.431 0.022 -0.998 -0.030 0.262 0.010 14.253 4.054
16.431 0.012 -0.998 -0.020 0.262 0.010 14.253 4.054
16.431 0.004 -0.794 20.372 0.262 0.010 14.253 4.054
16.431 0.000 -0.341 45.329 0.262 0.010 14.253 4.054
16.431 0.000 -0.046 29.515 0.262 0.010 14.253 4.054
