InsideLanePathFar
754
0.000 0.005 0.499 49.935 0.000 0.010 0.000 0.979
0.000 0.010 0.499 0.000 0.000 0.010 0.000 0.979
0.000 0.020 0.999 49.935 0.000 0.010 0.000 0.979
0.001 0.030 0.999 0.000 0.000 0.010 0.001 0.979
0.001 0.040 0.999 -0.000 0.000 0.010 0.001 0.979
0.002 0.050 0.999 0.000 0.000 0.010 0.002 0.979
0.002 0.060 0.999 -0.000 0.000 0.010 0.002 0.979
0.003 0.070 0.999 0.000 0.000 0.010 0.003 0.979
0.004 0.080 0.999 0.000 0.000 0.010 0.004 0.979
0.005 0.090 0.999 0.000 0.000 0.010 0.005 0.979
0.006 0.100 0.999 -0.000 0.000 0.010 0.006 0.979
0.007 0.110 0.999 0.000 0.000 0.010 0.007 0.979
0.008 0.120 0.999 -0.000 0.000 0.010 0.008 0.979
0.009 0.130 0.999 0.000 0.000 0.010 0.009 0.979
0.011 0.140 0.999 0.000 0.000 0.010 0.011 0.979
0.012 0.150 0.999 -0.000 0.000 0.010 0.012 0.979
0.014 0.160 0.999 0.000 0.000 0.010 0.014 0.979
0.015 0.170 0.999 0.000 0.000 0.010 0.015 0.979
0.017 0.180 0.999 -0.000 0.000 0.010 0.017 0.979
0.019 0.190 0.999 0.000 0.000 0.010 0.019 0.979
0.021 0.200 0.999 -0.000 0.000 0.010 0.021 0.979
0.023 0.210 0.999 -0.000 0.000 0.010 0.023 0.979
0.025 0.220 0.999 0.000 0.000 0.010 0.025 0.979
0.028 0.230 0.999 0.000 0.000 0.010 0.028 0.979
0.030 0.240 0.999 0.000 0.000 0.010 0.030 0.979
0.032 0.250 0.999 -0.000 0.000 0.010 0.032 0.979
0.035 0.260 0.999 0.000 0.000 0.010 0.035 0.979
0.038 0.270 0.999 -0.000 0.000 0.010 0.038 0.979
0.041 0.280 0.999 -0.000 0.000 0.010 0.041 0.979
0.043 0.290 0.999 0.000 0.000 0.010 0.043 0.979
0.046 0.300 0.999 -0.000 0.000 0.010 0.046 0.979
0.050 0.310 0.999 0.000 0.000 0.010 0.050 0.979
0.053 0.320 0.999 -0.000 0.000 0.010 0.053 0.979
0.056 0.330 0.999 0.000 0.000 0.010 0.056 0.979
0.059 0.340 0.999 -0.000 0.000 0.010 0.059 0.979
0.063 0.350 0.999 -0.000 0.000 0.010 0.063 0.979
0.067 0.360 0.999 0.000 0.000 0.010 0.067 0.979
0.070 0.370 0.999 -0.000 0.000 0.010 0.070 0.979
0.074 0.380 0.999 0.000 0.000 0.010 0.074 0.979
0.078 0.389 0.999 -0.000 0.000 0.010 0.078 0.979
0.082 0.399 0.999 0.000 0.000 0.010 0.082 0.979
0.086 0.409 0.999 -0.000 0.000 0.010 0.086 0.979
0.090 0.419 0.999 0.000 0.000 0.010 0.090 0.979
0.095 0.429 0.999 0.000 0.000 0.010 0.095 0.979
0.099 0.439 0.999 -0.000 0.000 0.010 0.099 0.979
0.103 0.449 0.999 -0.000 0.000 0.010 0.103 0.979
0.108 0.459 0.999 0.000 0.000 0.010 0.108 0.979
0.113 0.469 0.999 0.000 0.000 0.010 0.113 0.979
0.117 0.479 0.999 -0.000 0.000 0.010 0.117 0.979
0.122 0.489 0.999 0.000 0.000 0.010 0.122 0.979
0.127 0.499 0.999 -0.000 0.000 0.010 0.127 0.979
0.132 0.509 0.999 0.000 0.000 0.010 0.132 0.979
0.138 0.519 0.999 0.000 0.000 0.010 0.138 0.979
0.143 0.529 0.999 0.000 0.000 0.010 0.143 0.979
0.148 0.539 0.999 -0.000 0.000 0.010 0.148 0.979
0.154 0.549 0.999 0.000 0.000 0.010 0.154 0.979
0.159 0.559 0.999 0.000 0.000 0.010 0.159 0.979
0.165 0.569 0.999 -0.000 0.000 0.010 0.165 0.979
0.171 0.579 0.999 0.000 0.000 0.010 0.171 0.979
0.177 0.589 0.999 0.000 0.000 0.010 0.177 0.979
0.183 0.599 0.999 -0.000 0.000 0.010 0.183 0.979
0.189 0.609 0.999 0.000 0.000 0.010 0.189 0.979
0.195 0.619 0.999 -0.000 0.000 0.010 0.195 0.979
0.201 0.629 0.999 0.000 0.000 0.010 0.201 0.979
0.208 0.639 0.999 -0.000 0.000 0.010 0.208 0.979
0.214 0.649 0.999 -0.000 0.000 0.010 0.214 0.979
0.221 0.659 0.999 -0.000 0.000 0.010 0.221 0.979
0.228 0.669 0.999 -0.000 0.000 0.010 0.228 0.979
0.234 0.679 0.999 0.000 0.000 0.010 0.234 0.979
0.241 0.689 0.999 -0.000 0.000 0.010 0.241 0.979
0.248 0.699 0.999 0.000 0.000 0.010 0.248 0.979
0.255 0.709 0.999 -0.000 0.000 0.010 0.255 0.979
0.262 0.719 0.999 0.000 0.000 0.010 0.262 0.979
0.270 0.729 0.999 0.000 0.000 0.010 0.270 0.979
0.277 0.739 0.999 0.000 0.000 0.010 0.277 0.979
0.285 0.749 0.999 -0.000 0.000 0.010 0.285 0.979
0.292 0.759 0.999 0.000 0.000 0.010 0.292 0.979
0.300 0.769 0.999 -0.000 0.000 0.010 0.300 0.979
0.308 0.779 0.999 0.000 0.000 0.010 0.308 0.979
0.316 0.789 0.999 0.000 0.000 0.010 0.316 0.979
0.324 0.799 0.999 0.000 0.000 0.010 0.324 0.979
0.332 0.809 0.999 -0.000 0.000 0.010 0.332 0.979
0.340 0.819 0.999 0.000 0.000 0.010 0.340 0.979
0.348 0.829 0.999 -0.000 0.000 0.010 0.348 0.979
0.357 0.839 0.999 0.000 0.000 0.010 0.357 0.979
0.365 0.849 0.999 0.000 0.000 0.010 0.365 0.979
0.374 0.859 0.999 -0.000 0.000 0.010 0.374 0.979
0.382 0.869 0.999 0.000 0.000 0.010 0.382 0.979
0.391 0.879 0.999 -0.000 0.000 0.010 0.391 0.979
0.400 0.889 0.999 0.000 0.000 0.010 0.400 0.979
0.409 0.899 0.999 0.000 0.000 0.010 0.409 0.979
0.418 0.909 0.999 -0.000 0.000 0.010 0.418 0.979
0.427 0.919 0.999 0.000 0.000 0.010 0.427 0.979
0.437 0.929 0.999 0.000 0.000 0.010 0.437 0.979
0.446 0.939 0.999 0.000 0.000 0.010 0.446 0.979
0.455 0.949 0.999 -0.000 0.000 0.010 0.455 0.979
0.465 0.959 0.999 -0.000 0.000 0.010 0.465 0.979
0.475 0.969 0.999 0.000 0.000 0.010 0.475 0.979
0.484 0.979 0.999 -0.000 0.000 0.010 0.484 0.979
0.494 0.989 0.999 -0.000 0.000 0.010 0.494 0.979
0.504 0.999 0.999 0.000 0.000 0.010 0.504 0.979
0.514 1.009 0.999 -0.000 0.000 0.010 0.514 0.979
0.525 1.019 0.999 0.000 0.000 0.010 0.525 0.979
0.535 1.029 0.999 0.000 0.000 0.010 0.535 0.979
0.545 1.039 0.999 -0.000 0.000 0.010 0.545 0.979
0.556 1.049 0.999 0.000 0.000 0.010 0.556 0.979
0.566 1.059 0.999 -0.000 0.000 0.010 0.566 0.979
0.577 1.069 0.999 0.000 0.000 0.010 0.577 0.979
0.588 1.079 0.999 0.000 0.000 0.010 0.588 0.979
0.599 1.089 0.999 -0.000 0.000 0.010 0.599 0.979
0.610 1.099 0.999 0.000 0.000 0.010 0.610 0.979
0.621 1.109 0.999 -0.000 0.000 0.010 0.621 0.979
0.632 1.119 0.999 0.000 0.000 0.010 0.632 0.979
0.643 1.129 0.999 -0.000 0.000 0.010 0.643 0.979
0.655 1.139 0.999 0.000 0.000 0.010 0.655 0.979
0.666 1.149 0.999 -0.000 0.000 0.010 0.666 0.979
0.678 1.158 0.999 0.000 0.000 0.010 0.678 0.979
0.689 1.168 0.999 -0.000 0.000 0.010 0.689 0.979
0.701 1.178 0.999 0.000 0.000 0.010 0.701 0.979
0.713 1.188 0.999 -0.000 0.000 0.010 0.713 0.979
0.725 1.198 0.999 0.000 0.000 0.010 0.725 0.979
0.737 1.208 0.999 -0.000 0.000 0.010 0.737 0.979
0.749 1.218 0.999 0.000 0.000 0.010 0.749 0.979
0.762 1.228 0.999 -0.000 0.000 0.010 0.762 0.979
0.774 1.238 0.999 -0.000 0.000 0.010 0.774 0.979
0.787 1.248 0.999 0.000 0.000 0.010 0.787 0.979
0.799 1.258 0.999 -0.000 0.000 0.010 0.799 0.979
0.812 1.268 0.999 0.000 0.000 0.010 0.812 0.979
0.825 1.278 0.999 0.000 0.000 0.010 0.825 0.979
0.837 1.288 0.999 -0.000 0.000 0.010 0.837 0.979
0.850 1.298 0.999 0.000 0.000 0.010 0.850 0.979
0.864 1.308 0.999 -0.000 0.000 0.010 0.864 0.979
0.877 1.318 0.999 -0.000 0.000 0.010 0.877 0.979
0.890 1.328 0.999 -0.000 0.000 0.010 0.890 0.979
0.903 1.338 0.999 0.000 0.000 0.010 0.903 0.979
0.917 1.348 0.999 0.000 0.000 0.010 0.917 0.979
0.930 1.358 0.999 -0.000 0.000 0.010 0.930 0.979
0.944 1.368 0.999 -0.000 0.000 0.010 0.944 0.979
0.958 1.378 0.999 0.000 0.000 0.010 0.958 0.979
0.972 1.388 0.999 -0.000 0.000 0.010 0.972 0.979
0.986 1.398 0.999 0.000 0.000 0.010 0.986 0.979
1.000 1.408 0.999 -0.000 0.000 0.010 1.000 0.979
1.014 1.418 0.999 0.000 0.000 0.010 1.014 0.979
1.028 1.428 0.999 0.000 0.000 0.010 1.028 0.979
1.043 1.438 0.999 -0.000 0.000 0.010 1.043 0.979
1.057 1.448 0.999 0.000 0.000 0.010 1.057 0.979
1.072 1.458 0.999 0.000 0.000 0.010 1.072 0.979
1.086 1.468 0.999 0.000 0.000 0.010 1.086 0.979
1.101 1.478 0.999 0.000 0.000 0.010 1.101 0.979
1.116 1.488 0.999 -0.000 0.000 0.010 1.116 0.979
1.131 1.498 0.999 0.000 0.000 0.010 1.131 0.979
1.146 1.508 0.999 -0.000 0.000 0.010 1.146 0.979
1.161 1.518 0.999 0.000 0.000 0.010 1.161 0.979
1.177 1.528 0.999 -0.000 0.000 0.010 1.177 0.979
1.192 1.538 0.999 0.000 0.000 0.010 1.192 0.979
1.207 1.548 0.999 -0.000 0.000 0.010 1.207 0.979
1.223 1.558 0.999 0.000 0.000 0.010 1.223 0.979
1.239 1.568 0.999 0.000 0.000 0.010 1.239 0.979
1.254 1.578 0.999 -0.000 0.000 0.010 1.254 0.979
1.270 1.588 0.999 0.000 0.000 0.010 1.270 0.979
1.286 1.598 0.999 -0.000 0.000 0.010 1.286 0.979
1.302 1.608 0.999 0.000 0.000 0.010 1.302 0.979
1.319 1.618 0.999 -0.000 0.000 0.010 1.319 0.979
1.335 1.628 0.999 0.000 0.000 0.010 1.335 0.979
1.351 1.638 0.999 -0.000 0.000 0.010 1.351 0.979
1.368 1.648 0.999 0.000 0.000 0.010 1.368 0.979
1.384 1.658 0.999 -0.000 0.000 0.010 1.384 0.979
1.401 1.668 0.999 0.000 0.000 0.010 1.401 0.979
1.418 1.678 0.999 -0.000 0.000 0.010 1.418 0.979
1.435 1.688 0.999 0.000 0.000 0.010 1.435 0.979
1.452 1.698 0.999 0.000 0.000 0.010 1.452 0.979
1.469 1.708 0.999 -0.000 0.000 0.010 1.469 0.979
1.486 1.718 0.999 0.000 0.000 0.010 1.486 0.979
1.503 1.728 0.999 -0.000 0.000 0.010 1.503 0.979
1.521 1.738 0.999 0.000 0.000 0.010 1.521 0.979
1.538 1.748 0.999 -0.000 0.000 0.010 1.538 0.979
1.556 1.758 0.999 0.000 0.000 0.010 1.556 0.979
1.573 1.768 0.999 -0.000 0.000 0.010 1.573 0.979
1.591 1.778 0.999 0.000 0.000 0.010 1.591 0.979
1.609 1.788 0.999 0.000 0.000 0.010 1.609 0.979
1.627 1.798 0.999 -0.000 0.000 0.010 1.627 0.979
1.645 1.808 0.999 0.000 0.000 0.010 1.645 0.979
1.663 1.818 0.999 -0.000 0.000 0.010 1.663 0.979
1.681 1.828 0.999 0.000 0.000 0.010 1.681 0.979
1.700 1.838 0.999 -0.000 0.000 0.010 1.700 0.979
1.718 1.848 0.999 0.000 0.000 0.010 1.718 0.979
1.737 1.858 0.999 -0.000 0.000 0.010 1.737 0.979
1.756 1.868 0.999 0.000 0.000 0.010 1.756 0.979
1.774 1.878 0.999 -0.000 0.000 0.010 1.774 0.979
1.793 1.888 0.999 0.000 0.000 0.010 1.793 0.979
1.812 1.898 0.999 -0.000 0.000 0.010 1.812 0.979
1.831 1.908 0.999 0.000 0.000 0.010 1.831 0.979
1.850 1.918 0.999 -0.000 0.000 0.010 1.850 0.979
1.870 1.927 0.999 0.000 0.000 0.010 1.870 0.979
1.889 1.937 0.999 -0.000 0.000 0.010 1.889 0.979
1.909 1.947 0.999 -0.000 0.000 0.010 1.909 0.979
1.928 1.957 0.999 -0.000 0.000 0.010 1.928 0.979
1.948 1.967 0.999 0.000 0.000 0.010 1.948 0.979
1.968 1.977 0.999 -0.000 0.000 0.010 1.968 0.979
1.987 1.987 0.999 0.000 0.000 0.010 1.987 0.979
2.007 1.997 0.999 0.000 0.000 0.010 2.007 0.979
2.027 2.007 0.999 0.000 0.000 0.010 2.027 0.979
2.048 2.017 0.999 -0.000 0.000 0.010 2.048 0.979
2.068 2.027 0.999 0.000 0.000 0.010 2.068 0.979
2.088 2.037 0.999 -0.000 0.000 0.010 2.088 0.979
2.109 2.047 0.999 0.000 0.000 0.010 2.109 0.979
2.129 2.057 0.999 0.000 0.000 0.010 2.129 0.979
2.150 2.067 0.999 -0.000 0.000 0.010 2.150 0.979
2.171 2.077 0.999 0.000 0.000 0.010 2.171 0.979
2.192 2.087 0.999 -0.000 0.000 0.010 2.192 0.979
2.213 2.097 0.999 0.000 0.000 0.010 2.213 0.979
2.234 2.107 0.999 -0.000 0.000 0.010 2.234 0.979
2.255 2.117 0.999 0.000 0.000 0.010 2.255 0.979
2.276 2.127 0.999 -0.000 0.000 0.010 2.276 0.979
2.298 2.137 0.999 0.000 0.000 0.010 2.298 0.979
2.319 2.147 0.999 -0.000 0.000 0.010 2.319 0.979
2.341 2.157 0.999 0.000 0.000 0.010 2.341 0.979
2.362 2.167 0.999 -0.000 0.000 0.010 2.362 0.979
2.384 2.177 0.999 0.000 0.000 0.010 2.384 0.979
2.406 2.187 0.999 0.000 0.000 0.010 2.406 0.979
2.428 2.197 0.999 -0.000 0.000 0.010 2.428 0.979
2.450 2.207 0.999 0.000 0.000 0.010 2.450 0.979
2.472 2.217 0.999 0.000 0.000 0.010 2.472 0.979
2.494 2.227 0.999 0.000 0.000 0.010 2.494 0.979
2.517 2.237 0.999 -0.000 0.000 0.010 2.517 0.979
2.539 2.247 0.999 0.000 0.000 0.010 2.539 0.979
2.562 2.257 0.999 0.000 0.000 0.010 2.562 0.979
2.584 2.267 0.999 0.000 0.000 0.010 2.584 0.979
2.607 2.277 0.999 -0.000 0.000 0.010 2.607 0.979
2.630 2.287 0.999 0.000 0.000 0.010 2.630 0.979
2.653 2.297 0.999 -0.000 0.000 0.010 2.653 0.979
2.676 2.307 0.999 -0.000 0.000 0.010 2.676 0.979
2.699 2.317 0.999 0.000 0.000 0.010 2.699 0.979
2.723 2.327 0.999 -0.000 0.000 0.010 2.723 0.979
2.746 2.337 0.999 0.000 0.000 0.010 2.746 0.979
2.769 2.347 0.999 -0.000 0.000 0.010 2.769 0.979
2.793 2.357 0.999 0.000 0.000 0.010 2.793 0.979
2.817 2.367 0.999 -0.000 0.000 0.010 2.817 0.979
2.840 2.377 0.999 -0.000 0.000 0.010 2.840 0.979
2.864 2.387 0.999 0.000 0.000 0.010 2.864 0.979
2.888 2.397 0.999 -0.000 0.000 0.010 2.888 0.979
2.912 2.407 0.999 0.000 0.000 0.010 2.912 0.979
2.937 2.417 0.999 0.000 0.000 0.010 2.937 0.979
2.961 2.427 0.999 0.000 0.000 0.010 2.961 0.979
2.985 2.437 0.999 -0.000 0.000 0.010 2.985 0.979
3.010 2.447 0.999 0.000 0.000 0.010 3.010 0.979
3.034 2.457 0.999 -0.000 0.000 0.010 3.034 0.979
3.059 2.467 0.999 0.000 0.000 0.010 3.059 0.979
3.084 2.477 0.999 0.000 0.000 0.010 3.084 0.979
3.108 2.487 0.999 -0.000 0.000 0.010 3.108 0.979
3.133 2.497 0.999 0.000 0.000 0.010 3.133 0.979
3.159 2.507 0.999 0.000 0.000 0.010 3.159 0.979
3.184 2.517 0.999 -0.000 0.000 0.010 3.184 0.979
3.209 2.527 0.999 -0.000 0.000 0.010 3.209 0.979
3.234 2.537 0.999 0.000 0.000 0.010 3.234 0.979
3.260 2.547 0.999 -0.000 0.000 0.010 3.260 0.979
3.285 2.557 0.999 -0.000 0.000 0.010 3.285 0.979
3.311 2.567 0.999 0.000 0.000 0.010 3.311 0.979
3.337 2.577 0.999 0.000 0.000 0.010 3.337 0.979
3.363 2.587 0.999 -0.000 0.000 0.010 3.363 0.979
3.389 2.597 0.999 0.000 0.000 0.010 3.389 0.979
3.415 2.607 0.999 -0.000 0.000 0.010 3.415 0.979
3.441 2.617 0.999 0.000 0.000 0.010 3.441 0.979
3.467 2.627 0.999 -0.000 0.000 0.010 3.467 0.979
3.493 2.637 0.999 0.000 0.000 0.010 3.493 0.979
3.520 2.647 0.999 0.000 0.000 0.010 3.520 0.979
3.547 2.657 0.999 -0.000 0.000 0.010 3.547 0.979
3.573 2.667 0.999 -0.000 0.000 0.010 3.573 0.979
3.600 2.677 0.999 -0.000 0.000 0.010 3.600 0.979
3.627 2.687 0.999 0.000 0.000 0.010 3.627 0.979
3.654 2.696 0.999 -0.000 0.000 0.010 3.654 0.979
3.681 2.706 0.999 0.000 0.000 0.010 3.681 0.979
3.708 2.716 0.999 0.000 0.000 0.010 3.708 0.979
3.735 2.726 0.999 -0.000 0.000 0.010 3.735 0.979
3.763 2.736 0.999 0.000 0.000 0.010 3.763 0.979
3.790 2.746 0.999 -0.000 0.000 0.010 3.790 0.979
3.818 2.756 0.999 0.000 0.000 0.010 3.818 0.979
3.845 2.766 0.999 -0.000 0.000 0.010 3.845 0.979
3.873 2.776 0.999 0.000 0.000 0.010 3.873 0.979
3.901 2.786 0.999 0.000 0.000 0.010 3.901 0.979
3.929 2.796 0.999 -0.000 0.000 0.010 3.929 0.979
3.957 2.806 0.999 0.000 0.000 0.010 3.957 0.979
3.985 2.816 0.999 0.000 0.000 0.010 3.985 0.979
4.013 2.826 0.999 0.000 0.000 0.010 4.013 0.979
4.042 2.836 0.999 -0.000 0.000 0.010 4.042 0.979
4.070 2.846 0.999 0.000 0.000 0.010 4.070 0.979
4.099 2.856 0.999 -0.000 0.000 0.010 4.099 0.979
4.127 2.866 0.999 0.000 0.000 0.010 4.127 0.979
4.156 2.876 0.999 -0.000 0.000 0.010 4.156 0.979
4.185 2.886 0.999 0.000 0.000 0.010 4.185 0.979
4.214 2.896 0.999 0.000 0.000 0.010 4.214 0.979
4.243 2.906 0.999 -0.000 0.000 0.010 4.243 0.979
4.272 2.916 0.999 0.000 0.000 0.010 4.272 0.979
4.302 2.926 0.999 -0.000 0.000 0.010 4.302 0.979
4.331 2.936 0.999 0.000 0.000 0.010 4.331 0.979
4.360 2.946 0.999 0.000 0.000 0.010 4.360 0.979
4.390 2.956 0.999 0.000 0.000 0.010 4.390 0.979
4.420 2.966 0.999 -0.000 0.000 0.010 4.420 0.979
4.449 2.976 0.999 0.000 0.000 0.010 4.449 0.979
4.479 2.986 0.999 0.000 0.000 0.010 4.479 0.979
4.509 2.996 0.999 0.000 0.000 0.010 4.509 0.979
4.539 3.006 0.999 -0.000 0.000 0.010 4.539 0.979
4.569 3.016 0.999 0.000 0.000 0.010 4.569 0.979
4.600 3.026 0.999 -0.000 0.000 0.010 4.600 0.979
4.630 3.036 0.999 0.000 0.000 0.010 4.630 0.979
4.660 3.046 0.999 0.000 0.000 0.010 4.660 0.979
4.691 3.056 0.999 -0.000 0.000 0.010 4.691 0.979
4.722 3.066 0.999 0.000 0.000 0.010 4.722 0.979
4.752 3.076 0.999 0.000 0.000 0.010 4.752 0.979
4.783 3.086 0.999 0.000 0.000 0.010 4.783 0.979
4.814 3.096 0.999 0.000 0.000 0.010 4.814 0.979
4.845 3.106 0.999 -0.000 0.000 0.010 4.845 0.979
4.876 3.116 0.999 0.000 0.000 0.010 4.876 0.979
4.908 3.126 0.999 -0.000 0.000 0.010 4.908 0.979
4.939 3.136 0.999 0.000 0.000 0.010 4.939 0.979
4.971 3.146 0.999 -0.000 0.000 0.010 4.971 0.979
5.002 3.156 0.999 0.000 0.000 0.010 5.002 0.979
5.034 3.166 0.999 0.000 0.000 0.010 5.034 0.979
5.066 3.176 0.999 -0.000 0.000 0.010 5.066 0.979
5.097 3.186 0.999 0.000 0.000 0.010 5.097 0.979
5.129 3.196 0.999 0.000 0.000 0.010 5.129 0.979
5.161 3.206 0.999 -0.000 0.000 0.010 5.161 0.979
5.194 3.216 0.999 0.000 0.000 0.010 5.194 0.979
5.226 3.226 0.999 -0.000 0.000 0.010 5.226 0.979
5.258 3.236 0.999 0.000 0.000 0.010 5.258 0.979
5.291 3.246 0.999 0.000 0.000 0.010 5.291 0.979
5.323 3.256 0.999 -0.000 0.000 0.010 5.323 0.979
5.356 3.266 0.999 0.000 0.000 0.010 5.356 0.979
5.389 3.276 0.999 -0.000 0.000 0.010 5.389 0.979
5.421 3.286 0.999 0.000 0.000 0.010 5.421 0.979
5.454 3.296 0.999 0.000 0.000 0.010 5.454 0.979
5.487 3.306 0.999 -0.000 0.000 0.010 5.487 0.979
5.521 3.316 0.999 0.000 0.000 0.010 5.521 0.979
5.554 3.326 0.999 0.000 0.000 0.010 5.554 0.979
5.587 3.336 0.999 -0.000 0.000 0.010 5.587 0.979
5.621 3.346 0.999 0.000 0.000 0.010 5.621 0.979
5.654 3.356 0.999 -0.000 0.000 0.010 5.654 0.979
5.688 3.366 0.999 0.000 0.000 0.010 5.688 0.979
5.722 3.376 0.999 -0.000 0.000 0.010 5.722 0.979
5.756 3.386 0.999 0.000 0.000 0.010 5.756 0.979
5.790 3.396 0.999 -0.000 0.000 0.010 5.790 0.979
5.824 3.406 0.999 0.000 0.000 0.010 5.824 0.979
5.858 3.416 0.999 -0.000 0.000 0.010 5.858 0.979
5.892 3.426 0.999 -0.000 0.000 0.010 5.892 0.979
5.926 3.436 0.999 0.000 0.000 0.010 5.926 0.979
5.961 3.446 0.999 -0.000 0.000 0.010 5.961 0.979
5.995 3.456 0.999 0.000 0.000 0.010 5.995 0.979
6.030 3.465 0.999 -0.000 0.000 0.010 6.030 0.979
6.065 3.475 0.999 0.000 0.000 0.010 6.065 0.979
6.100 3.485 0.999 0.000 0.000 0.010 6.100 0.979
6.135 3.495 0.999 -0.000 0.000 0.010 6.135 0.979
6.170 3.505 0.999 0.000 0.000 0.010 6.170 0.979
6.205 3.515 0.999 -0.000 0.000 0.010 6.205 0.979
6.240 3.525 0.999 0.000 0.000 0.010 6.240 0.979
6.275 3.535 0.999 -0.000 0.000 0.010 6.275 0.979
6.311 3.545 0.999 0.000 0.000 0.010 6.311 0.979
6.346 3.555 0.999 0.000 0.000 0.010 6.346 0.979
6.382 3.565 0.999 -0.000 0.000 0.010 6.382 0.979
6.418 3.575 0.999 0.000 0.000 0.010 6.418 0.979
6.454 3.585 0.999 -0.000 0.000 0.010 6.454 0.979
6.490 3.595 0.999 0.000 0.000 0.010 6.490 0.979
6.526 3.605 0.999 -0.000 0.000 0.010 6.526 0.979
6.562 3.615 0.999 0.000 0.000 0.010 6.562 0.979
6.598 3.625 0.999 -0.000 0.000 0.010 6.598 0.979
6.634 3.635 0.999 0.000 0.000 0.010 6.634 0.979
6.671 3.645 0.999 0.000 0.000 0.010 6.671 0.979
6.707 3.655 0.999 -0.000 0.000 0.010 6.707 0.979
6.744 3.665 0.999 0.000 0.000 0.010 6.744 0.979
6.781 3.675 0.999 -0.000 0.000 0.010 6.781 0.979
6.818 3.685 0.999 -0.000 0.000 0.010 6.818 0.979
6.855 3.695 0.999 0.000 0.000 0.010 6.855 0.979
6.892 3.705 0.999 0.000 0.000 0.010 6.892 0.979
6.929 3.715 0.999 0.000 0.000 0.010 6.929 0.979
6.966 3.725 0.999 -0.000 0.000 0.010 6.966 0.979
7.003 3.735 0.996 -0.248 0.000 0.010 7.003 0.979
7.041 3.739 0.403 -59.337 0.000 0.010 7.041 0.979
7.078 3.735 -0.455 -85.737 0.000 0.010 7.078 0.979
7.115 3.724 -1.063 -60.871 0.000 0.010 7.115 0.979
7.152 3.710 -1.427 -36.364 0.000 0.010 7.152 0.979
7.189 3.694 -1.541 -11.386 0.001 0.010 7.189 0.979
7.226 3.679 -1.527 1.365 0.001 0.010 7.226 0.979
7.263 3.664 -1.514 1.340 0.001 0.010 7.263 0.979
7.299 3.649 -1.501 1.315 0.002 0.010 7.299 0.979
7.336 3.634 -1.488 1.291 0.002 0.010 7.336 0.979
7.372 3.619 -1.475 1.268 0.003 0.010 7.372 0.979
7.408 3.605 -1.462 1.245 0.003 0.010 7.408 0.980
7.444 3.590 -1.450 1.223 0.004 0.010 7.444 0.980
7.480 3.576 -1.438 1.201 0.005 0.010 7.480 0.980
7.515 3.561 -1.426 1.180 0.005 0.010 7.515 0.980
7.551 3.547 -1.415 1.159 0.006 0.010 7.551 0.980
7.586 3.533 -1.403 1.139 0.007 0.010 7.586 0.980
7.621 3.519 -1.392 1.119 0.008 0.010 7.621 0.981
7.656 3.506 -1.381 1.100 0.009 0.010 7.656 0.981
7.691 3.492 -1.370 1.081 0.010 0.010 7.691 0.981
7.726 3.478 -1.360 1.063 0.010 0.010 7.726 0.982
7.761 3.465 -1.349 1.045 0.011 0.010 7.761 0.982
7.795 3.451 -1.339 1.027 0.012 0.010 7.795 0.982
7.830 3.438 -1.329 1.010 0.014 0.010 7.829 0.983
7.864 3.425 -1.319 0.993 0.015 0.010 7.864 0.983
7.898 3.412 -1.309 0.976 0.016 0.010 7.898 0.984
7.932 3.399 -1.300 0.960 0.017 0.010 7.932 0.984
7.966 3.386 -1.290 0.944 0.018 0.010 7.966 0.985
7.999 3.373 -1.281 0.929 0.019 0.010 7.999 0.986
8.033 3.360 -1.272 0.913 0.020 0.010 8.033 0.986
8.067 3.348 -1.263 0.898 0.022 0.010 8.066 0.987
8.100 3.335 -1.254 0.883 0.023 0.010 8.100 0.988
8.133 3.323 -1.245 0.869 0.024 0.010 8.133 0.989
8.166 3.310 -1.237 0.855 0.026 0.010 8.166 0.989
8.199 3.298 -1.228 0.840 0.027 0.010 8.199 0.990
8.232 3.286 -1.220 0.827 0.028 0.010 8.232 0.991
8.265 3.274 -1.212 0.813 0.030 0.010 8.265 0.992
8.297 3.262 -1.204 0.800 0.031 0.010 8.297 0.993
8.330 3.250 -1.196 0.786 0.033 0.010 8.330 0.994
8.362 3.238 -1.188 0.773 0.034 0.010 8.362 0.995
8.395 3.226 -1.181 0.760 0.036 0.010 8.394 0.996
8.427 3.214 -1.173 0.748 0.037 0.010 8.426 0.998
8.459 3.203 -1.166 0.735 0.039 0.010 8.458 0.999
8.491 3.191 -1.159 0.723 0.040 0.010 8.490 1.000
8.522 3.180 -1.152 0.711 0.042 0.010 8.522 1.001
8.554 3.168 -1.145 0.699 0.043 0.010 8.554 1.003
8.586 3.157 -1.138 0.687 0.045 0.010 8.585 1.004
8.617 3.145 -1.131 0.675 0.046 0.010 8.617 1.005
8.648 3.134 -1.124 0.663 0.048 0.010 8.648 1.007
8.680 3.123 -1.118 0.652 0.050 0.010 8.679 1.008
8.711 3.112 -1.111 0.641 0.051 0.010 8.710 1.010
8.742 3.101 -1.105 0.629 0.053 0.010 8.741 1.012
8.773 3.090 -1.099 0.618 0.054 0.010 8.772 1.013
8.804 3.079 -1.093 0.607 0.056 0.010 8.803 1.015
8.834 3.068 -1.087 0.596 0.058 0.010 8.834 1.017
8.865 3.057 -1.081 0.585 0.059 0.010 8.864 1.019
8.895 3.047 -1.075 0.575 0.061 0.010 8.894 1.020
8.926 3.036 -1.070 0.564 0.063 0.010 8.925 1.022
8.956 3.025 -1.064 0.554 0.065 0.010 8.955 1.024
8.986 3.015 -1.059 0.543 0.066 0.010 8.985 1.026
9.016 3.004 -1.053 0.533 0.068 0.010 9.015 1.028
9.046 2.994 -1.048 0.523 0.070 0.010 9.045 1.030
9.076 2.983 -1.043 0.513 0.071 0.010 9.075 1.032
9.106 2.973 -1.038 0.503 0.073 0.010 9.104 1.034
9.135 2.962 -1.033 0.493 0.075 0.010 9.134 1.037
9.165 2.952 -1.028 0.483 0.077 0.010 9.163 1.039
9.194 2.942 -1.024 0.473 0.078 0.010 9.193 1.041
9.223 2.932 -1.019 0.463 0.080 0.010 9.222 1.043
9.253 2.922 -1.014 0.454 0.082 0.010 9.251 1.046
9.282 2.911 -1.010 0.444 0.083 0.010 9.280 1.048
9.311 2.901 -1.006 0.435 0.085 0.010 9.309 1.051
9.340 2.891 -1.001 0.426 0.087 0.010 9.338 1.053
9.368 2.881 -0.997 0.416 0.089 0.010 9.366 1.056
9.397 2.872 -0.993 0.407 0.090 0.010 9.395 1.058
9.426 2.862 -0.989 0.398 0.092 0.010 9.423 1.061
9.454 2.852 -0.985 0.389 0.094 0.010 9.452 1.064
9.483 2.842 -0.981 0.380 0.096 0.010 9.480 1.066
9.511 2.832 -0.978 0.372 0.097 0.010 9.508 1.069
9.539 2.822 -0.974 0.363 0.099 0.010 9.536 1.072
9.567 2.813 -0.971 0.354 0.101 0.010 9.564 1.075
9.595 2.803 -0.967 0.346 0.102 0.010 9.592 1.077
9.623 2.793 -0.964 0.337 0.104 0.010 9.620 1.080
9.651 2.784 -0.960 0.329 0.106 0.010 9.648 1.083
9.679 2.774 -0.957 0.321 0.108 0.010 9.675 1.086
9.707 2.765 -0.954 0.312 0.109 0.010 9.703 1.089
9.734 2.755 -0.951 0.304 0.111 0.010 9.730 1.092
9.762 2.746 -0.948 0.296 0.113 0.010 9.758 1.095
9.789 2.736 -0.945 0.288 0.114 0.010 9.785 1.098
9.816 2.727 -0.942 0.280 0.116 0.010 9.812 1.101
9.843 2.717 -0.940 0.273 0.118 0.010 9.839 1.105
9.871 2.708 -0.937 0.265 0.119 0.010 9.866 1.108
9.898 2.699 -0.934 0.257 0.121 0.010 9.892 1.111
9.924 2.689 -0.932 0.250 0.123 0.010 9.919 1.114
9.951 2.680 -0.930 0.243 0.124 0.010 9.946 1.118
9.978 2.671 -0.927 0.235 0.126 0.010 9.972 1.121
10.005 2.662 -0.925 0.228 0.128 0.010 9.999 1.124
10.031 2.652 -0.923 0.221 0.129 0.010 10.025 1.128
10.057 2.643 -0.921 0.214 0.131 0.010 10.051 1.131
10.084 2.634 -0.918 0.207 0.132 0.010 10.077 1.135
10.110 2.625 -0.916 0.200 0.134 0.010 10.103 1.138
10.136 2.616 -0.915 0.194 0.136 0.010 10.129 1.142
10.162 2.607 -0.913 0.187 0.137 0.010 10.155 1.145
10.188 2.597 -0.911 0.180 0.139 0.010 10.181 1.149
10.214 2.588 -0.909 0.174 0.140 0.010 10.206 1.152
10.240 2.579 -0.907 0.168 0.142 0.010 10.232 1.156
10.266 2.570 -0.906 0.161 0.144 0.010 10.257 1.160
10.291 2.561 -0.904 0.155 0.145 0.010 10.283 1.163
10.317 2.552 -0.903 0.149 0.147 0.010 10.308 1.167
10.342 2.543 -0.901 0.143 0.148 0.010 10.333 1.171
10.368 2.534 -0.900 0.137 0.150 0.010 10.358 1.174
10.393 2.525 -0.899 0.132 0.151 0.010 10.383 1.178
10.418 2.516 -0.897 0.126 0.153 0.010 10.408 1.182
10.443 2.507 -0.896 0.120 0.154 0.010 10.433 1.186
10.468 2.498 -0.895 0.115 0.156 0.010 10.457 1.190
10.493 2.489 -0.894 0.110 0.157 0.010 10.482 1.194
10.518 2.480 -0.893 0.104 0.158 0.010 10.507 1.198
10.542 2.471 -0.892 0.099 0.160 0.010 10.531 1.201
10.567 2.463 -0.891 0.094 0.161 0.010 10.555 1.205
10.592 2.454 -0.890 0.089 0.163 0.010 10.580 1.209
10.616 2.445 -0.889 0.084 0.164 0.010 10.604 1.213
10.640 2.436 -0.888 0.079 0.165 0.010 10.628 1.217
10.665 2.427 -0.888 0.075 0.167 0.010 10.652 1.221
10.689 2.418 -0.887 0.070 0.168 0.010 10.675 1.225
10.713 2.409 -0.886 0.065 0.170 0.010 10.699 1.229
10.737 2.400 -0.886 0.061 0.171 0.010 10.723 1.233
10.761 2.392 -0.885 0.056 0.172 0.010 10.746 1.238
10.785 2.383 -0.885 0.052 0.174 0.010 10.770 1.242
10.808 2.374 -0.884 0.048 0.175 0.010 10.793 1.246
10.832 2.365 -0.884 0.044 0.176 0.010 10.817 1.250
10.856 2.356 -0.883 0.040 0.177 0.010 10.840 1.254
10.879 2.347 -0.883 0.036 0.179 0.010 10.863 1.258
10.903 2.339 -0.883 0.032 0.180 0.010 10.886 1.262
10.926 2.330 -0.882 0.028 0.181 0.010 10.909 1.267
10.949 2.321 -0.882 0.025 0.182 0.010 10.932 1.271
10.972 2.312 -0.882 0.021 0.184 0.010 10.954 1.275
10.995 2.303 -0.882 0.017 0.185 0.010 10.977 1.279
11.018 2.294 -0.882 0.014 0.186 0.010 11.000 1.283
11.041 2.286 -0.881 0.011 0.187 0.010 11.022 1.288
11.064 2.277 -0.881 0.007 0.188 0.010 11.044 1.292
11.086 2.268 -0.881 0.004 0.190 0.010 11.067 1.296
11.109 2.259 -0.881 0.001 0.191 0.010 11.089 1.300
11.132 2.250 -0.881 -0.002 0.192 0.010 11.111 1.305
11.154 2.242 -0.881 -0.005 0.193 0.010 11.133 1.309
11.176 2.233 -0.881 -0.008 0.194 0.010 11.155 1.313
11.198 2.224 -0.882 -0.011 0.195 0.010 11.177 1.318
11.221 2.215 -0.882 -0.014 0.196 0.010 11.198 1.322
11.243 2.206 -0.882 -0.016 0.197 0.010 11.220 1.326
11.265 2.197 -0.882 -0.019 0.199 0.010 11.242 1.331
11.287 2.189 -0.882 -0.021 0.200 0.010 11.263 1.335
11.308 2.180 -0.883 -0.024 0.201 0.010 11.284 1.339
11.330 2.171 -0.883 -0.026 0.202 0.010 11.306 1.344
11.352 2.162 -0.883 -0.029 0.203 0.010 11.327 1.348
11.373 2.153 -0.883 -0.031 0.204 0.010 11.348 1.352
11.395 2.145 -0.884 -0.033 0.205 0.010 11.369 1.357
11.416 2.136 -0.884 -0.035 0.206 0.010 11.390 1.361
11.437 2.127 -0.884 -0.037 0.207 0.010 11.411 1.365
11.458 2.118 -0.885 -0.039 0.208 0.010 11.431 1.370
11.480 2.109 -0.885 -0.041 0.209 0.010 11.452 1.374
11.501 2.100 -0.886 -0.043 0.209 0.010 11.473 1.378
11.521 2.091 -0.886 -0.045 0.210 0.010 11.493 1.383
11.542 2.083 -0.887 -0.047 0.211 0.010 11.513 1.387
11.563 2.074 -0.887 -0.049 0.212 0.010 11.534 1.391
11.584 2.065 -0.888 -0.050 0.213 0.010 11.554 1.396
11.604 2.056 -0.888 -0.052 0.214 0.010 11.574 1.400
11.625 2.047 -0.889 -0.054 0.215 0.010 11.594 1.405
11.645 2.038 -0.889 -0.055 0.216 0.010 11.614 1.409
11.665 2.029 -0.890 -0.057 0.217 0.010 11.634 1.413
11.686 2.020 -0.890 -0.058 0.217 0.010 11.653 1.418
11.706 2.011 -0.891 -0.059 0.218 0.010 11.673 1.422
11.726 2.002 -0.892 -0.061 0.219 0.010 11.693 1.426
11.746 1.994 -0.892 -0.062 0.220 0.010 11.712 1.431
11.766 1.985 -0.893 -0.063 0.221 0.010 11.731 1.435
11.785 1.976 -0.893 -0.064 0.221 0.010 11.751 1.439
11.805 1.967 -0.894 -0.066 0.222 0.010 11.770 1.444
11.825 1.958 -0.895 -0.067 0.223 0.010 11.789 1.448
11.844 1.949 -0.895 -0.068 0.224 0.010 11.808 1.452
11.863 1.940 -0.896 -0.069 0.224 0.010 11.827 1.457
11.883 1.931 -0.897 -0.070 0.225 0.010 11.846 1.461
11.902 1.922 -0.898 -0.071 0.226 0.010 11.864 1.465
11.921 1.913 -0.898 -0.071 0.227 0.010 11.883 1.469
11.940 1.904 -0.899 -0.072 0.227 0.010 11.902 1.474
11.959 1.895 -0.900 -0.073 0.228 0.010 11.920 1.478
11.978 1.886 -0.900 -0.074 0.229 0.010 11.938 1.482
11.997 1.877 -0.901 -0.075 0.229 0.010 11.957 1.487
12.015 1.868 -0.902 -0.075 0.230 0.010 11.975 1.491
12.034 1.859 -0.903 -0.076 0.231 0.010 11.993 1.495
12.052 1.850 -0.903 -0.076 0.231 0.010 12.011 1.499
12.071 1.841 -0.904 -0.077 0.232 0.010 12.029 1.503
12.089 1.832 -0.905 -0.078 0.233 0.010 12.047 1.508
12.107 1.823 -0.906 -0.078 0.233 0.010 12.064 1.512
12.126 1.814 -0.907 -0.079 0.234 0.010 12.082 1.516
12.144 1.805 -0.907 -0.079 0.234 0.010 12.100 1.520
12.162 1.796 -0.908 -0.080 0.235 0.010 12.117 1.524
12.179 1.786 -0.909 -0.080 0.236 0.010 12.135 1.529
12.197 1.777 -0.910 -0.080 0.236 0.010 12.152 1.533
12.215 1.768 -0.911 -0.081 0.237 0.010 12.169 1.537
12.232 1.759 -0.911 -0.081 0.237 0.010 12.186 1.541
12.250 1.750 -0.912 -0.081 0.238 0.010 12.203 1.545
12.267 1.741 -0.913 -0.081 0.238 0.010 12.220 1.549
12.285 1.732 -0.914 -0.082 0.239 0.010 12.237 1.553
12.302 1.723 -0.915 -0.082 0.239 0.010 12.254 1.557
12.319 1.713 -0.915 -0.082 0.240 0.010 12.270 1.562
12.336 1.704 -0.916 -0.082 0.240 0.010 12.287 1.566
12.353 1.695 -0.917 -0.082 0.241 0.010 12.303 1.570
12.370 1.686 -0.918 -0.082 0.241 0.010 12.320 1.574
12.387 1.677 -0.919 -0.083 0.242 0.010 12.336 1.578
12.403 1.668 -0.920 -0.083 0.242 0.010 12.352 1.582
12.420 1.658 -0.920 -0.083 0.243 0.010 12.368 1.586
12.436 1.649 -0.921 -0.083 0.243 0.010 12.384 1.590
12.453 1.640 -0.922 -0.083 0.244 0.010 12.400 1.594
12.469 1.631 -0.923 -0.083 0.244 0.010 12.416 1.597
12.485 1.621 -0.924 -0.083 0.244 0.010 12.432 1.601
12.501 1.612 -0.925 -0.083 0.245 0.010 12.447 1.605
12.517 1.603 -0.925 -0.083 0.245 0.010 12.463 1.609
12.533 1.594 -0.926 -0.082 0.246 0.010 12.478 1.613
12.549 1.584 -0.927 -0.082 0.246 0.010 12.494 1.617
12.565 1.575 -0.928 -0.082 0.246 0.010 12.509 1.621
12.581 1.566 -0.929 -0.082 0.247 0.010 12.524 1.625
12.596 1.557 -0.929 -0.082 0.247 0.010 12.539 1.628
12.612 1.547 -0.930 -0.082 0.248 0.010 12.554 1.632
12.627 1.538 -0.931 -0.082 0.248 0.010 12.569 1.636
12.642 1.529 -0.932 -0.081 0.248 0.010 12.584 1.640
12.658 1.519 -0.933 -0.081 0.249 0.010 12.599 1.643
12.673 1.510 -0.934 -0.081 0.249 0.010 12.613 1.647
12.688 1.501 -0.934 -0.081 0.249 0.010 12.628 1.651
12.703 1.491 -0.935 -0.080 0.250 0.010 12.642 1.655
12.717 1.482 -0.936 -0.080 0.250 0.010 12.657 1.658
12.732 1.473 -0.937 -0.080 0.250 0.010 12.671 1.662
12.747 1.463 -0.938 -0.080 0.251 0.010 12.685 1.665
12.761 1.454 -0.938 -0.079 0.251 0.010 12.699 1.669
12.776 1.444 -0.939 -0.079 0.251 0.010 12.713 1.673
12.790 1.435 -0.940 -0.079 0.251 0.010 12.727 1.676
12.804 1.426 -0.941 -0.078 0.252 0.010 12.741 1.680
12.819 1.416 -0.942 -0.078 0.252 0.010 12.755 1.683
12.833 1.407 -0.942 -0.078 0.252 0.010 12.768 1.687
12.847 1.397 -0.943 -0.077 0.253 0.010 12.782 1.690
12.860 1.388 -0.944 -0.077 0.253 0.010 12.795 1.694
12.874 1.378 -0.945 -0.076 0.253 0.010 12.809 1.697
12.888 1.369 -0.945 -0.076 0.253 0.010 12.822 1.701
12.902 1.359 -0.946 -0.076 0.254 0.010 12.835 1.704
12.915 1.350 -0.947 -0.075 0.254 0.010 12.848 1.707
12.928 1.341 -0.948 -0.075 0.254 0.010 12.861 1.711
12.942 1.331 -0.948 -0.074 0.254 0.010 12.874 1.714
12.955 1.322 -0.949 -0.074 0.254 0.010 12.887 1.718
12.968 1.312 -0.950 -0.073 0.255 0.010 12.899 1.721
12.981 1.303 -0.951 -0.073 0.255 0.010 12.912 1.724
12.994 1.293 -0.951 -0.073 0.255 0.010 12.924 1.727
13.007 1.284 -0.952 -0.072 0.255 0.010 12.937 1.731
13.020 1.274 -0.953 -0.072 0.256 0.010 12.949 1.734
13.032 1.264 -0.953 -0.071 0.256 0.010 12.961 1.737
13.045 1.255 -0.954 -0.071 0.256 0.010 12.974 1.740
13.057 1.245 -0.955 -0.070 0.256 0.010 12.986 1.743
13.070 1.236 -0.956 -0.070 0.256 0.010 12.998 1.746
13.082 1.226 -0.956 -0.069 0.256 0.010 13.009 1.750
13.094 1.217 -0.957 -0.069 0.257 0.010 13.021 1.753
13.106 1.207 -0.958 -0.068 0.257 0.010 13.033 1.756
13.118 1.198 -0.958 -0.068 0.257 0.010 13.045 1.759
13.130 1.188 -0.959 -0.067 0.257 0.010 13.056 1.762
13.142 1.178 -0.960 -0.067 0.257 0.010 13.067 1.765
13.153 1.169 -0.960 -0.066 0.257 0.010 13.079 1.768
13.165 1.159 -0.961 -0.066 0.258 0.010 13.090 1.771
13.177 1.150 -0.962 -0.065 0.258 0.010 13.101 1.774
13.188 1.140 -0.962 -0.064 0.258 0.010 13.112 1.777
13.199 1.130 -0.963 -0.064 0.258 0.010 13.123 1.779
13.210 1.121 -0.963 -0.063 0.258 0.010 13.134 1.782
13.222 1.111 -0.964 -0.063 0.258 0.010 13.145 1.785
13.233 1.101 -0.965 -0.062 0.258 0.010 13.155 1.788
13.243 1.092 -0.965 -0.062 0.259 0.010 13.166 1.791
13.254 1.082 -0.966 -0.061 0.259 0.010 13.176 1.794
13.265 1.072 -0.967 -0.061 0.259 0.010 13.187 1.796
13.276 1.063 -0.967 -0.060 0.259 0.010 13.197 1.799
13.286 1.053 -0.968 -0.059 0.259 0.010 13.207 1.802
13.297 1.043 -0.968 -0.059 0.259 0.010 13.217 1.804
13.307 1.034 -0.969 -0.058 0.259 0.010 13.227 1.807
13.317 1.024 -0.970 -0.058 0.259 0.010 13.237 1.810
13.327 1.014 -0.970 -0.057 0.259 0.010 13.247 1.812
13.337 1.005 -0.971 -0.057 0.259 0.010 13.257 1.815
13.347 0.995 -0.971 -0.056 0.260 0.010 13.266 1.817
13.357 0.985 -0.972 -0.056 0.260 0.010 13.276 1.820
13.367 0.975 -0.972 -0.055 0.260 0.010 13.285 1.822
13.377 0.966 -0.973 -0.054 0.260 0.010 13.294 1.825
13.386 0.956 -0.973 -0.054 0.260 0.010 13.304 1.827
13.396 0.946 -0.974 -0.053 0.260 0.010 13.313 1.830
13.405 0.936 -0.974 -0.053 0.260 0.010 13.322 1.832
13.414 0.927 -0.975 -0.052 0.260 0.010 13.331 1.835
13.423 0.917 -0.975 -0.051 0.260 0.010 13.340 1.837
13.432 0.907 -0.976 -0.051 0.260 0.010 13.348 1.839
13.441 0.897 -0.977 -0.050 0.260 0.010 13.357 1.842
13.450 0.888 -0.977 -0.050 0.260 0.010 13.366 1.844
13.459 0.878 -0.977 -0.049 0.260 0.010 13.374 1.846
13.468 0.868 -0.978 -0.049 0.261 0.010 13.383 1.848
13.476 0.858 -0.978 -0.048 0.261 0.010 13.391 1.851
13.485 0.849 -0.979 -0.047 0.261 0.010 13.399 1.853
13.493 0.839 -0.979 -0.047 0.261 0.010 13.407 1.855
13.502 0.829 -0.980 -0.046 0.261 0.010 13.415 1.857
13.510 0.819 -0.980 -0.046 0.261 0.010 13.423 1.859
13.518 0.809 -0.981 -0.045 0.261 0.010 13.431 1.861
13.526 0.800 -0.981 -0.044 0.261 0.010 13.439 1.863
13.534 0.790 -0.982 -0.044 0.261 0.010 13.446 1.865
13.541 0.780 -0.982 -0.043 0.261 0.010 13.454 1.867
13.549 0.770 -0.983 -0.043 0.261 0.010 13.461 1.869
13.557 0.760 -0.983 -0.042 0.261 0.010 13.469 1.871
13.564 0.750 -0.983 -0.042 0.261 0.010 13.476 1.873
13.572 0.741 -0.984 -0.041 0.261 0.010 13.483 1.875
13.579 0.731 -0.984 -0.040 0.261 0.010 13.490 1.877
13.586 0.721 -0.985 -0.040 0.261 0.010 13.497 1.879
13.593 0.711 -0.985 -0.039 0.261 0.010 13.504 1.881
13.600 0.701 -0.985 -0.039 0.261 0.010 13.511 1.883
13.607 0.691 -0.986 -0.038 0.261 0.010 13.517 1.884
13.614 0.681 -0.986 -0.038 0.261 0.010 13.524 1.886
13.621 0.672 -0.986 -0.037 0.261 0.010 13.530 1.888
13.627 0.662 -0.987 -0.036 0.261 0.010 13.537 1.890
13.634 0.652 -0.987 -0.036 0.261 0.010 13.543 1.891
13.640 0.642 -0.988 -0.035 0.261 0.010 13.549 1.893
13.647 0.632 -0.988 -0.035 0.261 0.010 13.555 1.894
13.653 0.622 -0.988 -0.034 0.261 0.010 13.561 1.896
13.659 0.612 -0.989 -0.034 0.261 0.010 13.567 1.898
13.665 0.602 -0.989 -0.033 0.262 0.010 13.573 1.899
13.671 0.593 -0.989 -0.032 0.262 0.010 13.579 1.901
13.677 0.583 -0.990 -0.032 0.262 0.010 13.584 1.902
13.683 0.573 -0.990 -0.031 0.262 0.010 13.590 1.904
13.688 0.563 -0.990 -0.031 0.262 0.010 13.595 1.905
13.694 0.553 -0.990 -0.030 0.262 0.010 13.601 1.907
13.699 0.543 -0.991 -0.030 0.262 0.010 13.606 1.908
13.704 0.533 -0.991 -0.029 0.262 0.010 13.611 1.909
13.710 0.523 -0.991 -0.028 0.262 0.010 13.616 1.911
13.715 0.513 -0.992 -0.028 0.262 0.010 13.621 1.912
13.720 0.503 -0.992 -0.027 0.262 0.010 13.626 1.913
13.725 0.493 -0.992 -0.027 0.262 0.010 13.631 1.915
13.730 0.484 -0.992 -0.026 0.262 0.010 13.635 1.916
13.734 0.474 -0.993 -0.026 0.262 0.010 13.640 1.917
13.739 0.464 -0.993 -0.025 0.262 0.010 13.645 1.918
13.743 0.454 -0.993 -0.025 0.262 0.010 13.649 1.920
13.748 0.444 -0.993 -0.024 0.262 0.010 13.653 1.921
13.752 0.434 -0.994 -0.023 0.262 0.010 13.657 1.922
13.757 0.424 -0.994 -0.023 0.262 0.010 13.662 1.923
13.761 0.414 -0.994 -0.022 0.262 0.010 13.666 1.924
13.765 0.404 -0.994 -0.022 0.262 0.010 13.669 1.925
13.769 0.394 -0.995 -0.021 0.262 0.010 13.673 1.926
13.772 0.384 -0.995 -0.021 0.262 0.010 13.677 1.927
13.776 0.374 -0.995 -0.020 0.262 0.010 13.681 1.928
13.780 0.364 -0.995 -0.020 0.262 0.010 13.684 1.929
13.783 0.354 -0.995 -0.019 0.262 0.010 13.687 1.930
13.787 0.344 -0.996 -0.019 0.262 0.010 13.691 1.931
13.790 0.334 -0.996 -0.018 0.262 0.010 13.694 1.932
13.793 0.324 -0.996 -0.018 0.262 0.010 13.697 1.932
13.797 0.314 -0.996 -0.017 0.262 0.010 13.700 1.933
13.800 0.304 -0.996 -0.016 0.262 0.010 13.703 1.934
13.803 0.295 -0.996 -0.016 0.262 0.010 13.706 1.935
13.805 0.285 -0.997 -0.015 0.262 0.010 13.709 1.936
13.808 0.275 -0.997 -0.015 0.262 0.010 13.711 1.936
13.811 0.265 -0.997 -0.014 0.262 0.010 13.714 1.937
13.813 0.255 -0.997 -0.014 0.262 0.010 13.716 1.938
13.816 0.245 -0.997 -0.013 0.262 0.010 13.719 1.938
13.818 0.235 -0.997 -0.013 0.262 0.010 13.721 1.939
13.820 0.225 -0.997 -0.012 0.262 0.010 13.723 1.939
13.823 0.215 -0.997 -0.012 0.262 0.010 13.725 1.940
13.825 0.205 -0.998 -0.011 0.262 0.010 13.727 1.941
13.827 0.195 -0.998 -0.011 0.262 0.010 13.729 1.941
13.828 0.185 -0.998 -0.010 0.262 0.010 13.731 1.942
13.830 0.175 -0.998 -0.010 0.262 0.010 13.733 1.942
13.832 0.165 -0.998 -0.009 0.262 0.010 13.734 1.942
13.833 0.155 -0.998 -0.009 0.262 0.010 13.736 1.943
13.835 0.145 -0.998 -0.008 0.262 0.010 13.737 1.943
13.836 0.135 -0.998 -0.008 0.262 0.010 13.738 1.944
13.837 0.125 -0.998 -0.007 0.262 0.010 13.740 1.944
13.839 0.115 -0.998 -0.006 0.262 0.010 13.741 1.944
13.840 0.105 -0.998 -0.006 0.262 0.010 13.742 1.944
13.841 0.095 -0.998 -0.005 0.262 0.010 13.743 1.945
13.841 0.085 -0.998 -0.005 0.262 0.010 13.743 1.945
13.842 0.075 -0.999 -0.004 0.262 0.010 13.744 1.945
13.843 0.065 -0.999 -0.004 0.262 0.010 13.745 1.945
13.843 0.055 -0.999 -0.003 0.262 0.010 13.745 1.945
13.844 0.045 -0.999 -0.003 0.262 0.010 13.746 1.945
13.844 0.035 -0.999 -0.002 0.262 0.010 13.746 1.946
13.844 0.025 -0.999 -0.002 0.262 0.010 13.746 1.946
13.845 0.015 -0.999 -0.001 0.262 0.010 13.747 1.946
13.845 0.006 -0.877 12.148 0.262 0.010 13.747 1.946
13.845 0.001 -0.506 37.116 0.262 0.010 13.747 1.946
13.845 0.000 -0.128 37.786 0.262 0.010 13.747 1.946
0.000 0.005 0.499 49.935 0.000 0.010 0.000 -0.979
0.000 0.010 0.499 0.000 0.000 0.010 0.000 -0.979
0.000 0.020 0.999 49.935 0.000 0.010 0.000 -0.979
0.001 0.030 0.999 0.000 0.000 0.010 0.001 -0.979
0.001 0.040 0.999 -0.000 0.000 0.010 0.001 -0.979
0.002 0.050 0.999 0.000 0.000 0.010 0.002 -0.979
0.002 0.060 0.999 -0.000 0.000 0.010 0.002 -0.979
0.003 0.070 0.999 0.000 0.000 0.010 0.003 -0.979
0.004 0.080 0.999 0.000 0.000 0.010 0.004 -0.979
0.005 0.090 0.999 0.000 0.000 0.010 0.005 -0.979
0.006 0.100 0.999 -0.000 0.000 0.010 0.006 -0.979
0.007 0.110 0.999 0.000 0.000 0.010 0.007 -0.979
0.008 0.120 0.999 -0.000 0.000 0.010 0.008 -0.979
0.009 0.130 0.999 0.000 0.000 0.010 0.009 -0.979
0.011 0.140 0.999 0.000 0.000 0.010 0.011 -0.979
0.012 0.150 0.999 -0.000 0.000 0.010 0.012 -0.979
0.014 0.160 0.999 0.000 0.000 0.010 0.014 -0.979
0.015 0.170 0.999 0.000 0.000 0.010 0.015 -0.979
0.017 0.180 0.999 -0.000 0.000 0.010 0.017 -0.979
0.019 0.190 0.999 0.000 0.000 0.010 0.019 -0.979
0.021 0.200 0.999 -0.000 0.000 0.010 0.021 -0.979
0.023 0.210 0.999 -0.000 0.000 0.010 0.023 -0.979
0.025 0.220 0.999 0.000 0.000 0.010 0.025 -0.979
0.028 0.230 0.999 0.000 0.000 0.010 0.028 -0.979
0.030 0.240 0.999 0.000 0.000 0.010 0.030 -0.979
0.032 0.250 0.999 -0.000 0.000 0.010 0.032 -0.979
0.035 0.260 0.999 0.000 0.000 0.010 0.035 -0.979
0.038 0.270 0.999 -0.000 0.000 0.010 0.038 -0.979
0.041 0.280 0.999 -0.000 0.000 0.010 0.041 -0.979
0.043 0.290 0.999 0.000 0.000 0.010 0.043 -0.979
0.046 0.300 0.999 -0.000 0.000 0.010 0.046 -0.979
0.050 0.310 0.999 0.000 0.000 0.010 0.050 -0.979
0.053 0.320 0.999 -0.000 0.000 0.010 0.053 -0.979
0.056 0.330 0.999 0.000 0.000 0.010 0.056 -0.979
0.059 0.340 0.999 -0.000 0.000 0.010 0.059 -0.979
0.063 0.350 0.999 -0.000 0.000 0.010 0.063 -0.979
0.067 0.360 0.999 0.000 0.000 0.010 0.067 -0.979
0.070 0.370 0.999 -0.000 0.000 0.010 0.070 -0.979
0.074 0.380 0.999 0.000 0.000 0.010 0.074 -0.979
0.078 0.389 0.999 -0.000 0.000 0.010 0.078 -0.979
0.082 0.399 0.999 0.000 0.000 0.010 0.082 -0.979
0.086 0.409 0.999 -0.000 0.000 0.010 0.086 -0.979
0.090 0.419 0.999 0.000 0.000 0.010 0.090 -0.979
0.095 0.429 0.999 0.000 0.000 0.010 0.095 -0.979
0.099 0.439 0.999 -0.000 0.000 0.010 0.099 -0.979
0.103 0.449 0.999 -0.000 0.000 0.010 0.103 -0.979
0.108 0.459 0.999 0.000 0.000 0.010 0.108 -0.979
0.113 0.469 0.999 0.000 0.000 0.010 0.113 -0.979
0.117 0.479 0.999 -0.000 0.000 0.010 0.117 -0.979
0.122 0.489 0.999 0.000 0.000 0.010 0.122 -0.979
0.127 0.499 0.999 -0.000 0.000 0.010 0.127 -0.979
0.132 0.509 0.999 0.000 0.000 0.010 0.132 -0.979
0.138 0.519 0.999 0.000 0.000 0.010 0.138 -0.979
0.143 0.529 0.999 0.000 0.000 0.010 0.143 -0.979
0.148 0.539 0.999 -0.000 0.000 0.010 0.148 -0.979
0.154 0.549 0.999 0.000 0.000 0.010 0.154 -0.979
0.159 0.559 0.999 0.000 0.000 0.010 0.159 -0.979
0.165 0.569 0.999 -0.000 0.000 0.010 0.165 -0.979
0.171 0.579 0.999 0.000 0.000 0.010 0.171 -0.979
0.177 0.589 0.999 0.000 0.000 0.010 0.177 -0.979
0.183 0.599 0.999 -0.000 0.000 0.010 0.183 -0.979
0.189 0.609 0.999 0.000 0.000 0.010 0.189 -0.979
0.195 0.619 0.999 -0.000 0.000 0.010 0.195 -0.979
0.201 0.629 0.999 0.000 0.000 0.010 0.201 -0.979
0.208 0.639 0.999 -0.000 0.000 0.010 0.208 -0.979
0.214 0.649 0.999 -0.000 0.000 0.010 0.214 -0.979
0.221 0.659 0.999 -0.000 0.000 0.010 0.221 -0.979
0.228 0.669 0.999 -0.000 0.000 0.010 0.228 -0.979
0.234 0.679 0.999 0.000 0.000 0.010 0.234 -0.979
0.241 0.689 0.999 -0.000 0.000 0.010 0.241 -0.979
0.248 0.699 0.999 0.000 0.000 0.010 0.248 -0.979
0.255 0.709 0.999 -0.000 0.000 0.010 0.255 -0.979
0.262 0.719 0.999 0.000 0.000 0.010 0.262 -0.979
0.270 0.729 0.999 0.000 0.000 0.010 0.270 -0.979
0.277 0.739 0.999 0.000 0.000 0.010 0.277 -0.979
0.285 0.749 0.999 -0.000 0.000 0.010 0.285 -0.979
0.292 0.759 0.999 0.000 0.000 0.010 0.292 -0.979
0.300 0.769 0.999 -0.000 0.000 0.010 0.300 -0.979
0.308 0.779 0.999 0.000 0.000 0.010 0.308 -0.979
0.316 0.789 0.999 0.000 0.000 0.010 0.316 -0.979
0.324 0.799 0.999 0.000 0.000 0.010 0.324 -0.979
0.332 0.809 0.999 -0.000 0.000 0.010 0.332 -0.979
0.340 0.819 0.999 0.000 0.000 0.010 0.340 -0.979
0.348 0.829 0.999 -0.000 0.000 0.010 0.348 -0.979
0.357 0.839 0.999 0.000 0.000 0.010 0.357 -0.979
0.365 0.849 0.999 0.000 0.000 0.010 0.365 -0.979
0.374 0.859 0.999 -0.000 0.000 0.010 0.374 -0.979
0.382 0.869 0.999 0.000 0.000 0.010 0.382 -0.979
0.391 0.879 0.999 -0.000 0.000 0.010 0.391 -0.979
0.400 0.889 0.999 0.000 0.000 0.010 0.400 -0.979
0.409 0.899 0.999 0.000 0.000 0.010 0.409 -0.979
0.418 0.909 0.999 -0.000 0.000 0.010 0.418 -0.979
0.427 0.919 0.999 0.000 0.000 0.010 0.427 -0.979
0.437 0.929 0.999 0.000 0.000 0.010 0.437 -0.979
0.446 0.939 0.999 0.000 0.000 0.010 0.446 -0.979
0.455 0.949 0.999 -0.000 0.000 0.010 0.455 -0.979
0.465 0.959 0.999 -0.000 0.000 0.010 0.465 -0.979
0.475 0.969 0.999 0.000 0.000 0.010 0.475 -0.979
0.484 0.979 0.999 -0.000 0.000 0.010 0.484 -0.979
0.494 0.989 0.999 -0.000 0.000 0.010 0.494 -0.979
0.504 0.999 0.999 0.000 0.000 0.010 0.504 -0.979
0.514 1.009 0.999 -0.000 0.000 0.010 0.514 -0.979
0.525 1.019 0.999 0.000 0.000 0.010 0.525 -0.979
0.535 1.029 0.999 0.000 0.000 0.010 0.535 -0.979
0.545 1.039 0.999 -0.000 0.000 0.010 0.545 -0.979
0.556 1.049 0.999 0.000 0.000 0.010 0.556 -0.979
0.566 1.059 0.999 -0.000 0.000 0.010 0.566 -0.979
0.577 1.069 0.999 0.000 0.000 0.010 0.577 -0.979
0.588 1.079 0.999 0.000 0.000 0.010 0.588 -0.979
0.599 1.089 0.999 -0.000 0.000 0.010 0.599 -0.979
0.610 1.099 0.999 0.000 0.000 0.010 0.610 -0.979
0.621 1.109 0.999 -0.000 0.000 0.010 0.621 -0.979
0.632 1.119 0.999 0.000 0.000 0.010 0.632 -0.979
0.643 1.129 0.999 -0.000 0.000 0.010 0.643 -0.979
0.655 1.139 0.999 0.000 0.000 0.010 0.655 -0.979
0.666 1.149 0.999 -0.000 0.000 0.010 0.666 -0.979
0.678 1.158 0.999 0.000 0.000 0.010 0.678 -0.979
0.689 1.168 0.999 -0.000 0.000 0.010 0.689 -0.979
0.701 1.178 0.999 0.000 0.000 0.010 0.701 -0.979
0.713 1.188 0.999 -0.000 0.000 0.010 0.713 -0.979
0.725 1.198 0.999 0.000 0.000 0.010 0.725 -0.979
0.737 1.208 0.999 -0.000 0.000 0.010 0.737 -0.979
0.749 1.218 0.999 0.000 0.000 0.010 0.749 -0.979
0.762 1.228 0.999 -0.000 0.000 0.010 0.762 -0.979
0.774 1.238 0.999 -0.000 0.000 0.010 0.774 -0.979
0.787 1.248 0.999 0.000 0.000 0.010 0.787 -0.979
0.799 1.258 0.999 -0.000 0.000 0.010 0.799 -0.979
0.812 1.268 0.999 0.000 0.000 0.010 0.812 -0.979
0.825 1.278 0.999 0.000 0.000 0.010 0.825 -0.979
0.837 1.288 0.999 -0.000 0.000 0.010 0.837 -0.979
0.850 1.298 0.999 0.000 0.000 0.010 0.850 -0.979
0.864 1.308 0.999 -0.000 0.000 0.010 0.864 -0.979
0.877 1.318 0.999 -0.000 0.000 0.010 0.877 -0.979
0.890 1.328 0.999 -0.000 0.000 0.010 0.890 -0.979
0.903 1.338 0.999 0.000 0.000 0.010 0.903 -0.979
0.917 1.348 0.999 0.000 0.000 0.010 0.917 -0.979
0.930 1.358 0.999 -0.000 0.000 0.010 0.930 -0.979
0.944 1.368 0.999 -0.000 0.000 0.010 0.944 -0.979
0.958 1.378 0.999 0.000 0.000 0.010 0.958 -0.979
0.972 1.388 0.999 -0.000 0.000 0.010 0.972 -0.979
0.986 1.398 0.999 0.000 0.000 0.010 0.986 -0.979
1.000 1.408 0.999 -0.000 0.000 0.010 1.000 -0.979
1.014 1.418 0.999 0.000 0.000 0.010 1.014 -0.979
1.028 1.428 0.999 0.000 0.000 0.010 1.028 -0.979
1.043 1.438 0.999 -0.000 0.000 0.010 1.043 -0.979
1.057 1.448 0.999 0.000 0.000 0.010 1.057 -0.979
1.072 1.458 0.999 0.000 0.000 0.010 1.072 -0.979
1.086 1.468 0.999 0.000 0.000 0.010 1.086 -0.979
1.101 1.478 0.999 0.000 0.000 0.010 1.101 -0.979
1.116 1.488 0.999 -0.000 0.000 0.010 1.116 -0.979
1.131 1.498 0.999 0.000 0.000 0.010 1.131 -0.979
1.146 1.508 0.999 -0.000 0.000 0.010 1.146 -0.979
1.161 1.518 0.999 0.000 0.000 0.010 1.161 -0.979
1.177 1.528 0.999 -0.000 0.000 0.010 1.177 -0.979
1.192 1.538 0.999 0.000 0.000 0.010 1.192 -0.979
1.207 1.548 0.999 -0.000 0.000 0.010 1.207 -0.979
1.223 1.558 0.999 0.000 0.000 0.010 1.223 -0.979
1.239 1.568 0.999 0.000 0.000 0.010 1.239 -0.979
1.254 1.578 0.999 -0.000 0.000 0.010 1.254 -0.979
1.270 1.588 0.999 0.000 0.000 0.010 1.270 -0.979
1.286 1.598 0.999 -0.000 0.000 0.010 1.286 -0.979
1.302 1.608 0.999 0.000 0.000 0.010 1.302 -0.979
1.319 1.618 0.999 -0.000 0.000 0.010 1.319 -0.979
1.335 1.628 0.999 0.000 0.000 0.010 1.335 -0.979
1.351 1.638 0.999 -0.000 0.000 0.010 1.351 -0.979
1.368 1.648 0.999 0.000 0.000 0.010 1.368 -0.979
1.384 1.658 0.999 -0.000 0.000 0.010 1.384 -0.979
1.401 1.668 0.999 0.000 0.000 0.010 1.401 -0.979
1.418 1.678 0.999 -0.000 0.000 0.010 1.418 -0.979
1.435 1.688 0.999 0.000 0.000 0.010 1.435 -0.979
1.452 1.698 0.999 0.000 0.000 0.010 1.452 -0.979
1.469 1.708 0.999 -0.000 0.000 0.010 1.469 -0.979
1.486 1.718 0.999 0.000 0.000 0.010 1.486 -0.979
1.503 1.728 0.999 -0.000 0.000 0.010 1.503 -0.979
1.521 1.738 0.999 0.000 0.000 0.010 1.521 -0.979
1.538 1.748 0.999 -0.000 0.000 0.010 1.538 -0.979
1.556 1.758 0.999 0.000 0.000 0.010 1.556 -0.979
1.573 1.768 0.999 -0.000 0.000 0.010 1.573 -0.979
1.591 1.778 0.999 0.000 0.000 0.010 1.591 -0.979
1.609 1.788 0.999 0.000 0.000 0.010 1.609 -0.979
1.627 1.798 0.999 -0.000 0.000 0.010 1.627 -0.979
1.645 1.808 0.999 0.000 0.000 0.010 1.645 -0.979
1.663 1.818 0.999 -0.000 0.000 0.010 1.663 -0.979
1.681 1.828 0.999 0.000 0.000 0.010 1.681 -0.979
1.700 1.838 0.999 -0.000 0.000 0.010 1.700 -0.979
1.718 1.848 0.999 0.000 0.000 0.010 1.718 -0.979
1.737 1.858 0.999 -0.000 0.000 0.010 1.737 -0.979
1.756 1.868 0.999 0.000 0.000 0.010 1.756 -0.979
1.774 1.878 0.999 -0.000 0.000 0.010 1.774 -0.979
1.793 1.888 0.999 0.000 0.000 0.010 1.793 -0.979
1.812 1.898 0.999 -0.000 0.000 0.010 1.812 -0.979
1.831 1.908 0.999 0.000 0.000 0.010 1.831 -0.979
1.850 1.918 0.999 -0.000 0.000 0.010 1.850 -0.979
1.870 1.927 0.999 0.000 0.000 0.010 1.870 -0.979
1.889 1.937 0.999 -0.000 0.000 0.010 1.889 -0.979
1.909 1.947 0.999 -0.000 0.000 0.010 1.909 -0.979
1.928 1.957 0.999 -0.000 0.000 0.010 1.928 -0.979
1.948 1.967 0.999 0.000 0.000 0.010 1.948 -0.979
1.968 1.977 0.999 -0.000 0.000 0.010 1.968 -0.979
1.987 1.987 0.999 0.000 0.000 0.010 1.987 -0.979
2.007 1.997 0.999 0.000 0.000 0.010 2.007 -0.979
2.027 2.007 0.999 0.000 0.000 0.010 2.027 -0.979
2.048 2.017 0.999 -0.000 0.000 0.010 2.048 -0.979
2.068 2.027 0.999 0.000 0.000 0.010 2.068 -0.979
2.088 2.037 0.999 -0.000 0.000 0.010 2.088 -0.979
2.109 2.047 0.999 0.000 0.000 0.010 2.109 -0.979
2.129 2.057 0.999 0.000 0.000 0.010 2.129 -0.979
2.150 2.067 0.999 -0.000 0.000 0.010 2.150 -0.979
2.171 2.077 0.999 0.000 0.000 0.010 2.171 -0.979
2.192 2.087 0.999 -0.000 0.000 0.010 2.192 -0.979
2.213 2.097 0.999 0.000 0.000 0.010 2.213 -0.979
2.234 2.107 0.999 -0.000 0.000 0.010 2.234 -0.979
2.255 2.117 0.999 0.000 0.000 0.010 2.255 -0.979
2.276 2.127 0.999 -0.000 0.000 0.010 2.276 -0.979
2.298 2.137 0.999 0.000 0.000 0.010 2.298 -0.979
2.319 2.147 0.999 -0.000 0.000 0.010 2.319 -0.979
2.341 2.157 0.999 0.000 0.000 0.010 2.341 -0.979
2.362 2.167 0.999 -0.000 0.000 0.010 2.362 -0.979
2.384 2.177 0.999 0.000 0.000 0.010 2.384 -0.979
2.406 2.187 0.999 0.000 0.000 0.010 2.406 -0.979
2.428 2.197 0.999 -0.000 0.000 0.010 2.428 -0.979
2.450 2.207 0.999 0.000 0.000 0.010 2.450 -0.979
2.472 2.217 0.999 0.000 0.000 0.010 2.472 -0.979
2.494 2.227 0.999 0.000 0.000 0.010 2.494 -0.979
2.517 2.237 0.999 -0.000 0.000 0.010 2.517 -0.979
2.539 2.247 0.999 0.000 0.000 0.010 2.539 -0.979
2.562 2.257 0.999 0.000 0.000 0.010 2.562 -0.979
2.584 2.267 0.999 0.000 0.000 0.010 2.584 -0.979
2.607 2.277 0.999 -0.000 0.000 0.010 2.607 -0.979
2.630 2.287 0.999 0.000 0.000 0.010 2.630 -0.979
2.653 2.297 0.999 -0.000 0.000 0.010 2.653 -0.979
2.676 2.307 0.999 -0.000 0.000 0.010 2.676 -0.979
2.699 2.317 0.999 0.000 0.000 0.010 2.699 -0.979
2.723 2.327 0.999 -0.000 0.000 0.010 2.723 -0.979
2.746 2.337 0.999 0.000 0.000 0.010 2.746 -0.979
2.769 2.347 0.999 -0.000 0.000 0.010 2.769 -0.979
2.793 2.357 0.999 0.000 0.000 0.010 2.793 -0.979
2.817 2.367 0.999 -0.000 0.000 0.010 2.817 -0.979
2.840 2.377 0.999 -0.000 0.000 0.010 2.840 -0.979
2.864 2.387 0.999 0.000 0.000 0.010 2.864 -0.979
2.888 2.397 0.999 -0.000 0.000 0.010 2.888 -0.979
2.912 2.407 0.999 0.000 0.000 0.010 2.912 -0.979
2.937 2.417 0.999 0.000 0.000 0.010 2.937 -0.979
2.961 2.427 0.999 0.000 0.000 0.010 2.961 -0.979
2.985 2.437 0.999 -0.000 0.000 0.010 2.985 -0.979
3.010 2.447 0.999 0.000 0.000 0.010 3.010 -0.979
3.034 2.457 0.999 -0.000 0.000 0.010 3.034 -0.979
3.059 2.467 0.999 0.000 0.000 0.010 3.059 -0.979
3.084 2.477 0.999 0.000 0.000 0.010 3.084 -0.979
3.108 2.487 0.999 -0.000 0.000 0.010 3.108 -0.979
3.133 2.497 0.999 0.000 0.000 0.010 3.133 -0.979
3.159 2.507 0.999 0.000 0.000 0.010 3.159 -0.979
3.184 2.517 0.999 -0.000 0.000 0.010 3.184 -0.979
3.209 2.527 0.999 -0.000 0.000 0.010 3.209 -0.979
3.234 2.537 0.999 0.000 0.000 0.010 3.234 -0.979
3.260 2.547 0.999 -0.000 0.000 0.010 3.260 -0.979
3.285 2.557 0.999 -0.000 0.000 0.010 3.285 -0.979
3.311 2.567 0.999 0.000 0.000 0.010 3.311 -0.979
3.337 2.577 0.999 0.000 0.000 0.010 3.337 -0.979
3.363 2.587 0.999 -0.000 0.000 0.010 3.363 -0.979
3.389 2.597 0.999 0.000 0.000 0.010 3.389 -0.979
3.415 2.607 0.999 -0.000 0.000 0.010 3.415 -0.979
3.441 2.617 0.999 0.000 0.000 0.010 3.441 -0.979
3.467 2.627 0.999 -0.000 0.000 0.010 3.467 -0.979
3.493 2.637 0.999 0.000 0.000 0.010 3.493 -0.979
3.520 2.647 0.999 0.000 0.000 0.010 3.520 -0.979
3.547 2.657 0.999 -0.000 0.000 0.010 3.547 -0.979
3.573 2.667 0.999 -0.000 0.000 0.010 3.573 -0.979
3.600 2.677 0.999 -0.000 0.000 0.010 3.600 -0.979
3.627 2.687 0.999 0.000 0.000 0.010 3.627 -0.979
3.654 2.696 0.999 -0.000 0.000 0.010 3.654 -0.979
3.681 2.706 0.999 0.000 0.000 0.010 3.681 -0.979
3.708 2.716 0.999 0.000 0.000 0.010 3.708 -0.979
3.735 2.726 0.999 -0.000 0.000 0.010 3.735 -0.979
3.763 2.736 0.999 0.000 0.000 0.010 3.763 -0.979
3.790 2.746 0.999 -0.000 0.000 0.010 3.790 -0.979
3.818 2.756 0.999 0.000 0.000 0.010 3.818 -0.979
3.845 2.766 0.999 -0.000 0.000 0.010 3.845 -0.979
3.873 2.776 0.999 0.000 0.000 0.010 3.873 -0.979
3.901 2.786 0.999 0.000 0.000 0.010 3.901 -0.979
3.929 2.796 0.999 -0.000 0.000 0.010 3.929 -0.979
3.957 2.806 0.999 0.000 0.000 0.010 3.957 -0.979
3.985 2.816 0.999 0.000 0.000 0.010 3.985 -0.979
4.013 2.826 0.999 0.000 0.000 0.010 4.013 -0.979
4.042 2.836 0.999 -0.000 0.000 0.010 4.042 -0.979
4.070 2.846 0.999 0.000 0.000 0.010 4.070 -0.979
4.099 2.856 0.999 -0.000 0.000 0.010 4.099 -0.979
4.127 2.866 0.999 0.000 0.000 0.010 4.127 -0.979
4.156 2.876 0.999 -0.000 0.000 0.010 4.156 -0.979
4.185 2.886 0.999 0.000 0.000 0.010 4.185 -0.979
4.214 2.896 0.999 0.000 0.000 0.010 4.214 -0.979
4.243 2.906 0.999 -0.000 0.000 0.010 4.243 -0.979
4.272 2.916 0.999 0.000 0.000 0.010 4.272 -0.979
4.302 2.926 0.999 -0.000 0.000 0.010 4.302 -0.979
4.331 2.936 0.999 0.000 0.000 0.010 4.331 -0.979
4.360 2.946 0.999 0.000 0.000 0.010 4.360 -0.979
4.390 2.956 0.999 0.000 0.000 0.010 4.390 -0.979
4.420 2.966 0.999 -0.000 0.000 0.010 4.420 -0.979
4.449 2.976 0.999 0.000 0.000 0.010 4.449 -0.979
4.479 2.986 0.999 0.000 0.000 0.010 4.479 -0.979
4.509 2.996 0.999 0.000 0.000 0.010 4.509 -0.979
4.539 3.006 0.999 -0.000 0.000 0.010 4.539 -0.979
4.569 3.016 0.999 0.000 0.000 0.010 4.569 -0.979
4.600 3.026 0.999 -0.000 0.000 0.010 4.600 -0.979
4.630 3.036 0.999 0.000 0.000 0.010 4.630 -0.979
4.660 3.046 0.999 0.000 0.000 0.010 4.660 -0.979
4.691 3.056 0.999 -0.000 0.000 0.010 4.691 -0.979
4.722 3.066 0.999 0.000 0.000 0.010 4.722 -0.979
4.752 3.076 0.999 0.000 0.000 0.010 4.752 -0.979
4.783 3.086 0.999 0.000 0.000 0.010 4.783 -0.979
4.814 3.096 0.999 0.000 0.000 0.010 4.814 -0.979
4.845 3.106 0.999 -0.000 0.000 0.010 4.845 -0.979
4.876 3.116 0.999 0.000 0.000 0.010 4.876 -0.979
4.908 3.126 0.999 -0.000 0.000 0.010 4.908 -0.979
4.939 3.136 0.999 0.000 0.000 0.010 4.939 -0.979
4.971 3.146 0.999 -0.000 0.000 0.010 4.971 -0.979
5.002 3.156 0.999 0.000 0.000 0.010 5.002 -0.979
5.034 3.166 0.999 0.000 0.000 0.010 5.034 -0.979
5.066 3.176 0.999 -0.000 0.000 0.010 5.066 -0.979
5.097 3.186 0.999 0.000 0.000 0.010 5.097 -0.979
5.129 3.196 0.999 0.000 0.000 0.010 5.129 -0.979
5.161 3.206 0.999 -0.000 0.000 0.010 5.161 -0.979
5.194 3.216 0.999 0.000 0.000 0.010 5.194 -0.979
5.226 3.226 0.999 -0.000 0.000 0.010 5.226 -0.979
5.258 3.236 0.999 0.000 0.000 0.010 5.258 -0.979
5.291 3.246 0.999 0.000 0.000 0.010 5.291 -0.979
5.323 3.256 0.999 -0.000 0.000 0.010 5.323 -0.979
5.356 3.266 0.999 0.000 0.000 0.010 5.356 -0.979
5.389 3.276 0.999 -0.000 0.000 0.010 5.389 -0.979
5.421 3.286 0.999 0.000 0.000 0.010 5.421 -0.979
5.454 3.296 0.999 0.000 0.000 0.010 5.454 -0.979
5.487 3.306 0.999 -0.000 0.000 0.010 5.487 -0.979
5.521 3.316 0.999 0.000 0.000 0.010 5.521 -0.979
5.554 3.326 0.999 0.000 0.000 0.010 5.554 -0.979
5.587 3.336 0.999 -0.000 0.000 0.010 5.587 -0.979
5.621 3.346 0.999 0.000 0.000 0.010 5.621 -0.979
5.654 3.356 0.999 -0.000 0.000 0.010 5.654 -0.979
5.688 3.366 0.999 0.000 0.000 0.010 5.688 -0.979
5.722 3.376 0.999 -0.000 0.000 0.010 5.722 -0.979
5.756 3.386 0.999 0.000 0.000 0.010 5.756 -0.979
5.790 3.396 0.999 -0.000 0.000 0.010 5.790 -0.979
5.824 3.406 0.999 0.000 0.000 0.010 5.824 -0.979
5.858 3.416 0.999 -0.000 0.000 0.010 5.858 -0.979
5.892 3.426 0.999 -0.000 0.000 0.010 5.892 -0.979
5.926 3.436 0.999 0.000 0.000 0.010 5.926 -0.979
5.961 3.446 0.999 -0.000 0.000 0.010 5.961 -0.979
5.995 3.456 0.999 0.000 0.000 0.010 5.995 -0.979
6.030 3.465 0.999 -0.000 0.000 0.010 6.030 -0.979
6.065 3.475 0.999 0.000 0.000 0.010 6.065 -0.979
6.100 3.485 0.999 0.000 0.000 0.010 6.100 -0.979
6.135 3.495 0.999 -0.000 0.000 0.010 6.135 -0.979
6.170 3.505 0.999 0.000 0.000 0.010 6.170 -0.979
6.205 3.515 0.999 -0.000 0.000 0.010 6.205 -0.979
6.240 3.525 0.999 0.000 0.000 0.010 6.240 -0.979
6.275 3.535 0.999 -0.000 0.000 0.010 6.275 -0.979
6.311 3.545 0.999 0.000 0.000 0.010 6.311 -0.979
6.346 3.555 0.999 0.000 0.000 0.010 6.346 -0.979
6.382 3.565 0.999 -0.000 0.000 0.010 6.382 -0.979
6.418 3.575 0.999 0.000 0.000 0.010 6.418 -0.979
6.454 3.585 0.999 -0.000 0.000 0.010 6.454 -0.979
6.490 3.595 0.999 0.000 0.000 0.010 6.490 -0.979
6.526 3.605 0.999 -0.000 0.000 0.010 6.526 -0.979
6.562 3.615 0.999 0.000 0.000 0.010 6.562 -0.979
6.598 3.625 0.999 -0.000 0.000 0.010 6.598 -0.979
6.634 3.635 0.999 0.000 0.000 0.010 6.634 -0.979
6.671 3.645 0.999 0.000 0.000 0.010 6.671 -0.979
6.707 3.655 0.999 -0.000 0.000 0.010 6.707 -0.979
6.744 3.665 0.999 0.000 0.000 0.010 6.744 -0.979
6.781 3.675 0.999 -0.000 0.000 0.010 6.781 -0.979
6.818 3.685 0.999 -0.000 0.000 0.010 6.818 -0.979
6.855 3.695 0.999 0.000 0.000 0.010 6.855 -0.979
6.892 3.705 0.999 0.000 0.000 0.010 6.892 -0.979
6.929 3.715 0.999 0.000 0.000 0.010 6.929 -0.979
6.966 3.725 0.999 -0.000 0.000 0.010 6.966 -0.979
7.003 3.735 1.001 0.248 0.000 0.010 7.003 -0.979
7.041 3.746 1.095 9.402 0.000 0.010 7.041 -0.979
7.078 3.753 0.711 -38.431 0.000 0.010 7.078 -0.979
7.116 3.754 0.078 -63.297 0.000 0.010 7.116 -0.979
7.153 3.751 -0.314 -39.208 0.000 0.010 7.153 -0.979
7.191 3.746 -0.457 -14.251 0.001 0.010 7.191 -0.979
7.228 3.742 -0.470 -1.365 0.001 0.010 7.228 -0.979
7.266 3.737 -0.484 -1.340 0.001 0.010 7.266 -0.979
7.303 3.732 -0.497 -1.315 0.002 0.010 7.303 -0.979
7.340 3.727 -0.510 -1.291 0.002 0.010 7.340 -0.979
7.378 3.721 -0.522 -1.268 0.003 0.010 7.378 -0.979
7.415 3.716 -0.535 -1.245 0.003 0.010 7.415 -0.979
7.452 3.711 -0.547 -1.223 0.004 0.010 7.452 -0.978
7.489 3.705 -0.559 -1.201 0.005 0.010 7.489 -0.978
7.526 3.699 -0.571 -1.180 0.005 0.010 7.526 -0.978
7.563 3.694 -0.583 -1.159 0.006 0.010 7.563 -0.978
7.600 3.688 -0.594 -1.139 0.007 0.010 7.600 -0.978
7.636 3.682 -0.605 -1.119 0.008 0.010 7.636 -0.977
7.673 3.675 -0.616 -1.100 0.009 0.010 7.673 -0.977
7.710 3.669 -0.627 -1.081 0.010 0.010 7.710 -0.977
7.747 3.663 -0.638 -1.063 0.010 0.010 7.747 -0.976
7.783 3.656 -0.648 -1.045 0.011 0.010 7.783 -0.976
7.820 3.650 -0.658 -1.027 0.012 0.010 7.820 -0.976
7.856 3.643 -0.668 -1.010 0.014 0.010 7.856 -0.975
7.892 3.636 -0.678 -0.993 0.015 0.010 7.892 -0.975
7.929 3.629 -0.688 -0.976 0.016 0.010 7.929 -0.974
7.965 3.622 -0.698 -0.960 0.017 0.010 7.965 -0.973
8.001 3.615 -0.707 -0.944 0.018 0.010 8.001 -0.973
8.037 3.608 -0.716 -0.929 0.019 0.010 8.037 -0.972
8.073 3.601 -0.726 -0.913 0.020 0.010 8.073 -0.971
8.109 3.594 -0.735 -0.898 0.022 0.010 8.109 -0.971
8.145 3.586 -0.743 -0.883 0.023 0.010 8.145 -0.970
8.181 3.579 -0.752 -0.869 0.024 0.010 8.181 -0.969
8.216 3.571 -0.761 -0.855 0.026 0.010 8.216 -0.968
8.252 3.563 -0.769 -0.840 0.027 0.010 8.252 -0.967
8.288 3.555 -0.777 -0.827 0.028 0.010 8.288 -0.966
8.323 3.548 -0.785 -0.813 0.030 0.010 8.323 -0.965
8.358 3.540 -0.793 -0.800 0.031 0.010 8.358 -0.964
8.394 3.532 -0.801 -0.786 0.033 0.010 8.394 -0.963
8.429 3.524 -0.809 -0.773 0.034 0.010 8.429 -0.962
8.464 3.515 -0.817 -0.761 0.036 0.010 8.464 -0.961
8.499 3.507 -0.824 -0.748 0.037 0.010 8.499 -0.959
8.534 3.499 -0.831 -0.735 0.039 0.010 8.534 -0.958
8.569 3.490 -0.839 -0.723 0.040 0.010 8.569 -0.957
8.604 3.482 -0.846 -0.711 0.042 0.010 8.604 -0.955
8.639 3.473 -0.853 -0.699 0.043 0.010 8.638 -0.954
8.673 3.465 -0.860 -0.687 0.045 0.010 8.673 -0.952
8.708 3.456 -0.866 -0.675 0.046 0.010 8.708 -0.951
8.742 3.448 -0.873 -0.663 0.048 0.010 8.742 -0.949
8.777 3.439 -0.880 -0.652 0.050 0.010 8.776 -0.947
8.811 3.430 -0.886 -0.641 0.051 0.010 8.811 -0.946
8.845 3.421 -0.892 -0.629 0.053 0.010 8.845 -0.944
8.879 3.412 -0.898 -0.618 0.054 0.010 8.879 -0.942
8.913 3.403 -0.904 -0.607 0.056 0.010 8.913 -0.940
8.947 3.394 -0.910 -0.596 0.058 0.010 8.947 -0.938
8.981 3.385 -0.916 -0.585 0.059 0.010 8.980 -0.936
9.015 3.375 -0.922 -0.575 0.061 0.010 9.014 -0.934
9.049 3.366 -0.928 -0.564 0.063 0.010 9.048 -0.932
9.082 3.357 -0.933 -0.554 0.065 0.010 9.081 -0.930
9.116 3.347 -0.939 -0.543 0.066 0.010 9.115 -0.928
9.149 3.338 -0.944 -0.533 0.068 0.010 9.148 -0.925
9.182 3.328 -0.949 -0.523 0.070 0.010 9.181 -0.923
9.216 3.319 -0.954 -0.513 0.071 0.010 9.214 -0.921
9.249 3.309 -0.959 -0.503 0.073 0.010 9.247 -0.918
9.282 3.300 -0.964 -0.493 0.075 0.010 9.280 -0.916
9.315 3.290 -0.969 -0.483 0.077 0.010 9.313 -0.914
9.347 3.280 -0.974 -0.473 0.078 0.010 9.346 -0.911
9.380 3.270 -0.979 -0.463 0.080 0.010 9.378 -0.908
9.413 3.261 -0.983 -0.454 0.082 0.010 9.411 -0.906
9.445 3.251 -0.987 -0.444 0.083 0.010 9.443 -0.903
9.478 3.241 -0.992 -0.435 0.085 0.010 9.475 -0.900
9.510 3.231 -0.996 -0.426 0.087 0.010 9.508 -0.898
9.542 3.221 -1.000 -0.416 0.089 0.010 9.540 -0.895
9.574 3.211 -1.004 -0.407 0.090 0.010 9.572 -0.892
9.606 3.201 -1.008 -0.398 0.092 0.010 9.604 -0.889
9.638 3.191 -1.012 -0.389 0.094 0.010 9.635 -0.886
9.670 3.180 -1.016 -0.380 0.096 0.010 9.667 -0.883
9.702 3.170 -1.020 -0.372 0.097 0.010 9.699 -0.880
9.733 3.160 -1.023 -0.363 0.099 0.010 9.730 -0.877
9.765 3.150 -1.027 -0.354 0.101 0.010 9.761 -0.874
9.796 3.139 -1.030 -0.346 0.102 0.010 9.793 -0.871
9.827 3.129 -1.034 -0.337 0.104 0.010 9.824 -0.867
9.859 3.119 -1.037 -0.329 0.106 0.010 9.855 -0.864
9.890 3.108 -1.040 -0.321 0.108 0.010 9.886 -0.861
9.921 3.098 -1.043 -0.312 0.109 0.010 9.916 -0.857
9.952 3.087 -1.046 -0.304 0.111 0.010 9.947 -0.854
9.982 3.077 -1.049 -0.296 0.113 0.010 9.978 -0.851
10.013 3.066 -1.052 -0.288 0.114 0.010 10.008 -0.847
10.044 3.056 -1.055 -0.280 0.116 0.010 10.039 -0.844
10.074 3.045 -1.058 -0.273 0.118 0.010 10.069 -0.840
10.104 3.035 -1.060 -0.265 0.119 0.010 10.099 -0.836
10.135 3.024 -1.063 -0.257 0.121 0.010 10.129 -0.833
10.165 3.013 -1.065 -0.250 0.123 0.010 10.159 -0.829
10.195 3.003 -1.068 -0.243 0.124 0.010 10.189 -0.825
10.225 2.992 -1.070 -0.235 0.126 0.010 10.218 -0.822
10.254 2.981 -1.073 -0.228 0.128 0.010 10.248 -0.818
10.284 2.971 -1.075 -0.221 0.129 0.010 10.277 -0.814
10.314 2.960 -1.077 -0.214 0.131 0.010 10.307 -0.810
10.343 2.949 -1.079 -0.207 0.132 0.010 10.336 -0.806
10.373 2.938 -1.081 -0.200 0.134 0.010 10.365 -0.802
10.402 2.927 -1.083 -0.194 0.136 0.010 10.394 -0.799
10.431 2.917 -1.085 -0.187 0.137 0.010 10.423 -0.795
10.460 2.906 -1.087 -0.180 0.139 0.010 10.452 -0.791
10.489 2.895 -1.088 -0.174 0.140 0.010 10.480 -0.787
10.518 2.884 -1.090 -0.168 0.142 0.010 10.509 -0.782
10.547 2.873 -1.092 -0.161 0.144 0.010 10.537 -0.778
10.575 2.862 -1.093 -0.155 0.145 0.010 10.566 -0.774
10.604 2.851 -1.095 -0.149 0.147 0.010 10.594 -0.770
10.632 2.840 -1.096 -0.143 0.148 0.010 10.622 -0.766
10.660 2.829 -1.097 -0.137 0.150 0.010 10.650 -0.762
10.689 2.818 -1.099 -0.132 0.151 0.010 10.678 -0.758
10.717 2.807 -1.100 -0.126 0.153 0.010 10.706 -0.753
10.745 2.796 -1.101 -0.120 0.154 0.010 10.733 -0.749
10.773 2.785 -1.102 -0.115 0.156 0.010 10.761 -0.745
10.800 2.774 -1.103 -0.110 0.157 0.010 10.788 -0.740
10.828 2.763 -1.105 -0.104 0.158 0.010 10.815 -0.736
10.855 2.752 -1.106 -0.099 0.160 0.010 10.843 -0.732
10.883 2.741 -1.106 -0.094 0.161 0.010 10.870 -0.727
10.910 2.730 -1.107 -0.089 0.163 0.010 10.897 -0.723
10.937 2.719 -1.108 -0.084 0.164 0.010 10.923 -0.719
10.964 2.708 -1.109 -0.079 0.165 0.010 10.950 -0.714
10.991 2.697 -1.110 -0.075 0.167 0.010 10.977 -0.710
11.018 2.685 -1.110 -0.070 0.168 0.010 11.003 -0.705
11.045 2.674 -1.111 -0.065 0.170 0.010 11.030 -0.701
11.072 2.663 -1.112 -0.061 0.171 0.010 11.056 -0.696
11.098 2.652 -1.112 -0.056 0.172 0.010 11.082 -0.692
11.125 2.641 -1.113 -0.052 0.174 0.010 11.108 -0.687
11.151 2.630 -1.113 -0.048 0.175 0.010 11.134 -0.683
11.177 2.619 -1.114 -0.044 0.176 0.010 11.160 -0.678
11.203 2.608 -1.114 -0.040 0.177 0.010 11.185 -0.673
11.229 2.596 -1.114 -0.036 0.179 0.010 11.211 -0.669
11.255 2.585 -1.115 -0.032 0.180 0.010 11.236 -0.664
11.281 2.574 -1.115 -0.028 0.181 0.010 11.262 -0.660
11.306 2.563 -1.115 -0.025 0.182 0.010 11.287 -0.655
11.332 2.552 -1.116 -0.021 0.184 0.010 11.312 -0.650
11.357 2.541 -1.116 -0.017 0.185 0.010 11.337 -0.646
11.382 2.530 -1.116 -0.014 0.186 0.010 11.362 -0.641
11.408 2.518 -1.116 -0.011 0.187 0.010 11.387 -0.636
11.433 2.507 -1.116 -0.007 0.188 0.010 11.411 -0.632
11.458 2.496 -1.116 -0.004 0.190 0.010 11.436 -0.627
11.483 2.485 -1.116 -0.001 0.191 0.010 11.460 -0.622
11.507 2.474 -1.116 0.002 0.192 0.010 11.484 -0.617
11.532 2.463 -1.116 0.005 0.193 0.010 11.509 -0.613
11.556 2.451 -1.116 0.008 0.194 0.010 11.533 -0.608
11.581 2.440 -1.116 0.011 0.195 0.010 11.557 -0.603
11.605 2.429 -1.116 0.014 0.196 0.010 11.580 -0.599
11.629 2.418 -1.116 0.016 0.197 0.010 11.604 -0.594
11.653 2.407 -1.115 0.019 0.199 0.010 11.628 -0.589
11.677 2.396 -1.115 0.021 0.200 0.010 11.651 -0.584
11.701 2.385 -1.115 0.024 0.201 0.010 11.675 -0.580
11.725 2.373 -1.115 0.026 0.202 0.010 11.698 -0.575
11.749 2.362 -1.114 0.029 0.203 0.010 11.721 -0.570
11.772 2.351 -1.114 0.031 0.204 0.010 11.744 -0.565
11.795 2.340 -1.114 0.033 0.205 0.010 11.767 -0.561
11.819 2.329 -1.113 0.035 0.206 0.010 11.790 -0.556
11.842 2.318 -1.113 0.037 0.207 0.010 11.812 -0.551
11.865 2.307 -1.113 0.039 0.208 0.010 11.835 -0.546
11.888 2.295 -1.112 0.041 0.209 0.010 11.857 -0.542
11.911 2.284 -1.112 0.043 0.209 0.010 11.880 -0.537
11.934 2.273 -1.111 0.045 0.210 0.010 11.902 -0.532
11.956 2.262 -1.111 0.047 0.211 0.010 11.924 -0.527
11.979 2.251 -1.110 0.049 0.212 0.010 11.946 -0.523
12.001 2.240 -1.110 0.050 0.213 0.010 11.968 -0.518
12.023 2.229 -1.109 0.052 0.214 0.010 11.990 -0.513
12.046 2.218 -1.109 0.054 0.215 0.010 12.011 -0.509
12.068 2.207 -1.108 0.055 0.216 0.010 12.033 -0.504
12.090 2.196 -1.108 0.057 0.217 0.010 12.054 -0.499
12.111 2.184 -1.107 0.058 0.217 0.010 12.076 -0.494
12.133 2.173 -1.106 0.059 0.218 0.010 12.097 -0.490
12.155 2.162 -1.106 0.061 0.219 0.010 12.118 -0.485
12.176 2.151 -1.105 0.062 0.220 0.010 12.139 -0.480
12.198 2.140 -1.105 0.063 0.221 0.010 12.160 -0.476
12.219 2.129 -1.104 0.064 0.221 0.010 12.181 -0.471
12.240 2.118 -1.103 0.066 0.222 0.010 12.201 -0.466
12.261 2.107 -1.103 0.067 0.223 0.010 12.222 -0.462
12.282 2.096 -1.102 0.068 0.224 0.010 12.242 -0.457
12.303 2.085 -1.101 0.069 0.224 0.010 12.263 -0.452
12.324 2.074 -1.101 0.070 0.225 0.010 12.283 -0.448
12.344 2.063 -1.100 0.071 0.226 0.010 12.303 -0.443
12.365 2.052 -1.099 0.071 0.227 0.010 12.323 -0.439
12.385 2.041 -1.098 0.072 0.227 0.010 12.343 -0.434
12.406 2.030 -1.098 0.073 0.228 0.010 12.363 -0.429
12.426 2.019 -1.097 0.074 0.229 0.010 12.382 -0.425
12.446 2.008 -1.096 0.075 0.229 0.010 12.402 -0.420
12.466 1.997 -1.095 0.075 0.230 0.010 12.421 -0.416
12.486 1.986 -1.095 0.076 0.231 0.010 12.441 -0.411
12.505 1.975 -1.094 0.076 0.231 0.010 12.460 -0.407
12.525 1.964 -1.093 0.077 0.232 0.010 12.479 -0.402
12.545 1.954 -1.092 0.078 0.233 0.010 12.498 -0.398
12.564 1.943 -1.092 0.078 0.233 0.010 12.517 -0.393
12.583 1.932 -1.091 0.079 0.234 0.010 12.536 -0.389
12.603 1.921 -1.090 0.079 0.234 0.010 12.555 -0.384
12.622 1.910 -1.089 0.080 0.235 0.010 12.573 -0.380
12.641 1.899 -1.088 0.080 0.236 0.010 12.592 -0.375
12.660 1.888 -1.088 0.080 0.236 0.010 12.610 -0.371
12.678 1.877 -1.087 0.081 0.237 0.010 12.628 -0.367
12.697 1.866 -1.086 0.081 0.237 0.010 12.646 -0.362
12.716 1.856 -1.085 0.081 0.238 0.010 12.664 -0.358
12.734 1.845 -1.084 0.081 0.238 0.010 12.682 -0.353
12.752 1.834 -1.084 0.082 0.239 0.010 12.700 -0.349
12.771 1.823 -1.083 0.082 0.239 0.010 12.718 -0.345
12.789 1.812 -1.082 0.082 0.240 0.010 12.735 -0.341
12.807 1.801 -1.081 0.082 0.240 0.010 12.753 -0.336
12.825 1.791 -1.080 0.082 0.241 0.010 12.770 -0.332
12.842 1.780 -1.079 0.082 0.241 0.010 12.788 -0.328
12.860 1.769 -1.079 0.083 0.242 0.010 12.805 -0.324
12.878 1.758 -1.078 0.083 0.242 0.010 12.822 -0.319
12.895 1.748 -1.077 0.083 0.243 0.010 12.839 -0.315
12.913 1.737 -1.076 0.083 0.243 0.010 12.856 -0.311
12.930 1.726 -1.075 0.083 0.244 0.010 12.872 -0.307
12.947 1.715 -1.074 0.083 0.244 0.010 12.889 -0.303
12.964 1.705 -1.074 0.083 0.244 0.010 12.906 -0.299
12.981 1.694 -1.073 0.083 0.245 0.010 12.922 -0.294
12.998 1.683 -1.072 0.083 0.245 0.010 12.938 -0.290
13.014 1.672 -1.071 0.082 0.246 0.010 12.955 -0.286
13.031 1.662 -1.070 0.082 0.246 0.010 12.971 -0.282
13.048 1.651 -1.070 0.082 0.246 0.010 12.987 -0.278
13.064 1.640 -1.069 0.082 0.247 0.010 13.003 -0.274
13.080 1.630 -1.068 0.082 0.247 0.010 13.018 -0.270
13.097 1.619 -1.067 0.082 0.248 0.010 13.034 -0.266
13.113 1.608 -1.066 0.082 0.248 0.010 13.050 -0.262
13.129 1.598 -1.065 0.081 0.248 0.010 13.065 -0.258
13.144 1.587 -1.065 0.081 0.249 0.010 13.081 -0.254
13.160 1.576 -1.064 0.081 0.249 0.010 13.096 -0.251
13.176 1.566 -1.063 0.081 0.249 0.010 13.111 -0.247
13.191 1.555 -1.062 0.080 0.250 0.010 13.126 -0.243
13.207 1.544 -1.061 0.080 0.250 0.010 13.141 -0.239
13.222 1.534 -1.061 0.080 0.250 0.010 13.156 -0.235
13.237 1.523 -1.060 0.080 0.251 0.010 13.171 -0.231
13.253 1.513 -1.059 0.079 0.251 0.010 13.185 -0.228
13.268 1.502 -1.058 0.079 0.251 0.010 13.200 -0.224
13.282 1.492 -1.057 0.079 0.251 0.010 13.214 -0.220
13.297 1.481 -1.057 0.078 0.252 0.010 13.229 -0.217
13.312 1.470 -1.056 0.078 0.252 0.010 13.243 -0.213
13.327 1.460 -1.055 0.078 0.252 0.010 13.257 -0.209
13.341 1.449 -1.054 0.077 0.253 0.010 13.271 -0.206
13.355 1.439 -1.054 0.077 0.253 0.010 13.285 -0.202
13.370 1.428 -1.053 0.076 0.253 0.010 13.299 -0.199
13.384 1.418 -1.052 0.076 0.253 0.010 13.313 -0.195
13.398 1.407 -1.051 0.076 0.254 0.010 13.326 -0.191
13.412 1.397 -1.051 0.075 0.254 0.010 13.340 -0.188
13.426 1.386 -1.050 0.075 0.254 0.010 13.353 -0.184
13.440 1.376 -1.049 0.074 0.254 0.010 13.366 -0.181
13.453 1.365 -1.048 0.074 0.254 0.010 13.380 -0.178
13.467 1.355 -1.048 0.073 0.255 0.010 13.393 -0.174
13.480 1.344 -1.047 0.073 0.255 0.010 13.406 -0.171
13.494 1.334 -1.046 0.073 0.255 0.010 13.419 -0.167
13.507 1.323 -1.045 0.072 0.255 0.010 13.431 -0.164
13.520 1.313 -1.045 0.072 0.256 0.010 13.444 -0.161
13.533 1.302 -1.044 0.071 0.256 0.010 13.457 -0.157
13.546 1.292 -1.043 0.071 0.256 0.010 13.469 -0.154
13.559 1.282 -1.043 0.070 0.256 0.010 13.482 -0.151
13.571 1.271 -1.042 0.070 0.256 0.010 13.494 -0.148
13.584 1.261 -1.041 0.069 0.256 0.010 13.506 -0.144
13.597 1.250 -1.041 0.069 0.257 0.010 13.518 -0.141
13.609 1.240 -1.040 0.068 0.257 0.010 13.530 -0.138
13.621 1.230 -1.039 0.068 0.257 0.010 13.542 -0.135
13.633 1.219 -1.038 0.067 0.257 0.010 13.554 -0.132
13.645 1.209 -1.038 0.067 0.257 0.010 13.566 -0.129
13.657 1.198 -1.037 0.066 0.257 0.010 13.577 -0.126
13.669 1.188 -1.036 0.066 0.258 0.010 13.589 -0.123
13.681 1.178 -1.036 0.065 0.258 0.010 13.600 -0.120
13.693 1.167 -1.035 0.064 0.258 0.010 13.611 -0.117
13.704 1.157 -1.035 0.064 0.258 0.010 13.623 -0.114
13.716 1.147 -1.034 0.063 0.258 0.010 13.634 -0.111
13.727 1.136 -1.033 0.063 0.258 0.010 13.645 -0.108
13.738 1.126 -1.033 0.062 0.258 0.010 13.656 -0.105
13.750 1.116 -1.032 0.062 0.259 0.010 13.666 -0.102
13.761 1.105 -1.031 0.061 0.259 0.010 13.677 -0.099
13.772 1.095 -1.031 0.061 0.259 0.010 13.688 -0.097
13.782 1.085 -1.030 0.060 0.259 0.010 13.698 -0.094
13.793 1.074 -1.030 0.059 0.259 0.010 13.708 -0.091
13.804 1.064 -1.029 0.059 0.259 0.010 13.719 -0.088
13.814 1.054 -1.028 0.058 0.259 0.010 13.729 -0.086
13.825 1.044 -1.028 0.058 0.259 0.010 13.739 -0.083
13.835 1.033 -1.027 0.057 0.259 0.010 13.749 -0.080
13.845 1.023 -1.027 0.057 0.259 0.010 13.759 -0.078
13.856 1.013 -1.026 0.056 0.260 0.010 13.769 -0.075
13.866 1.003 -1.026 0.056 0.260 0.010 13.778 -0.073
13.875 0.992 -1.025 0.055 0.260 0.010 13.788 -0.070
13.885 0.982 -1.025 0.054 0.260 0.010 13.797 -0.068
13.895 0.972 -1.024 0.054 0.260 0.010 13.807 -0.065
13.905 0.962 -1.023 0.053 0.260 0.010 13.816 -0.063
13.914 0.951 -1.023 0.053 0.260 0.010 13.825 -0.060
13.924 0.941 -1.022 0.052 0.260 0.010 13.834 -0.058
13.933 0.931 -1.022 0.051 0.260 0.010 13.843 -0.055
13.942 0.921 -1.021 0.051 0.260 0.010 13.852 -0.053
13.951 0.911 -1.021 0.050 0.260 0.010 13.861 -0.051
13.960 0.900 -1.020 0.050 0.260 0.010 13.870 -0.048
13.969 0.890 -1.020 0.049 0.260 0.010 13.878 -0.046
13.978 0.880 -1.019 0.049 0.261 0.010 13.887 -0.044
13.987 0.870 -1.019 0.048 0.261 0.010 13.895 -0.041
13.995 0.860 -1.018 0.047 0.261 0.010 13.904 -0.039
14.004 0.849 -1.018 0.047 0.261 0.010 13.912 -0.037
14.012 0.839 -1.018 0.046 0.261 0.010 13.920 -0.035
14.020 0.829 -1.017 0.046 0.261 0.010 13.928 -0.033
14.029 0.819 -1.017 0.045 0.261 0.010 13.936 -0.031
14.037 0.809 -1.016 0.044 0.261 0.010 13.944 -0.029
14.045 0.799 -1.016 0.044 0.261 0.010 13.951 -0.027
14.053 0.788 -1.015 0.043 0.261 0.010 13.959 -0.024
14.060 0.778 -1.015 0.043 0.261 0.010 13.967 -0.022
14.068 0.768 -1.014 0.042 0.261 0.010 13.974 -0.021
14.076 0.758 -1.014 0.042 0.261 0.010 13.981 -0.019
14.083 0.748 -1.014 0.041 0.261 0.010 13.989 -0.017
14.090 0.738 -1.013 0.040 0.261 0.010 13.996 -0.015
14.098 0.728 -1.013 0.040 0.261 0.010 14.003 -0.013
14.105 0.717 -1.012 0.039 0.261 0.010 14.010 -0.011
14.112 0.707 -1.012 0.039 0.261 0.010 14.016 -0.009
14.119 0.697 -1.012 0.038 0.261 0.010 14.023 -0.007
14.126 0.687 -1.011 0.038 0.261 0.010 14.030 -0.006
14.133 0.677 -1.011 0.037 0.261 0.010 14.036 -0.004
14.139 0.667 -1.011 0.036 0.261 0.010 14.043 -0.002
14.146 0.657 -1.010 0.036 0.261 0.010 14.049 -0.000
14.152 0.647 -1.010 0.035 0.261 0.010 14.055 0.001
14.159 0.637 -1.010 0.035 0.261 0.010 14.062 0.003
14.165 0.626 -1.009 0.034 0.261 0.010 14.068 0.005
14.171 0.616 -1.009 0.034 0.261 0.010 14.074 0.006
14.177 0.606 -1.009 0.033 0.262 0.010 14.079 0.008
14.183 0.596 -1.008 0.032 0.262 0.010 14.085 0.009
14.189 0.586 -1.008 0.032 0.262 0.010 14.091 0.011
14.195 0.576 -1.008 0.031 0.262 0.010 14.096 0.012
14.200 0.566 -1.007 0.031 0.262 0.010 14.102 0.014
14.206 0.556 -1.007 0.030 0.262 0.010 14.107 0.015
14.211 0.546 -1.007 0.030 0.262 0.010 14.112 0.017
14.217 0.536 -1.006 0.029 0.262 0.010 14.118 0.018
14.222 0.526 -1.006 0.028 0.262 0.010 14.123 0.019
14.227 0.516 -1.006 0.028 0.262 0.010 14.128 0.021
14.232 0.506 -1.006 0.027 0.262 0.010 14.133 0.022
14.237 0.496 -1.005 0.027 0.262 0.010 14.137 0.023
14.242 0.485 -1.005 0.026 0.262 0.010 14.142 0.024
14.247 0.475 -1.005 0.026 0.262 0.010 14.147 0.026
14.251 0.465 -1.004 0.025 0.262 0.010 14.151 0.027
14.256 0.455 -1.004 0.025 0.262 0.010 14.156 0.028
14.260 0.445 -1.004 0.024 0.262 0.010 14.160 0.029
14.265 0.435 -1.004 0.023 0.262 0.010 14.164 0.030
14.269 0.425 -1.004 0.023 0.262 0.010 14.168 0.031
14.273 0.415 -1.003 0.022 0.262 0.010 14.172 0.033
14.277 0.405 -1.003 0.022 0.262 0.010 14.176 0.034
14.281 0.395 -1.003 0.021 0.262 0.010 14.180 0.035
14.285 0.385 -1.003 0.021 0.262 0.010 14.184 0.036
14.289 0.375 -1.002 0.020 0.262 0.010 14.187 0.037
14.292 0.365 -1.002 0.020 0.262 0.010 14.191 0.038
14.296 0.355 -1.002 0.019 0.262 0.010 14.194 0.038
14.299 0.345 -1.002 0.019 0.262 0.010 14.198 0.039
14.303 0.335 -1.002 0.018 0.262 0.010 14.201 0.040
14.306 0.325 -1.002 0.018 0.262 0.010 14.204 0.041
14.309 0.315 -1.001 0.017 0.262 0.010 14.207 0.042
14.312 0.305 -1.001 0.016 0.262 0.010 14.210 0.043
14.315 0.295 -1.001 0.016 0.262 0.010 14.213 0.043
14.318 0.285 -1.001 0.015 0.262 0.010 14.216 0.044
14.321 0.275 -1.001 0.015 0.262 0.010 14.218 0.045
14.323 0.265 -1.001 0.014 0.262 0.010 14.221 0.046
14.326 0.255 -1.000 0.014 0.262 0.010 14.223 0.046
14.328 0.245 -1.000 0.013 0.262 0.010 14.226 0.047
14.331 0.235 -1.000 0.013 0.262 0.010 14.228 0.047
14.333 0.225 -1.000 0.012 0.262 0.010 14.230 0.048
14.335 0.215 -1.000 0.012 0.262 0.010 14.232 0.049
14.337 0.205 -1.000 0.011 0.262 0.010 14.234 0.049
14.339 0.195 -1.000 0.011 0.262 0.010 14.236 0.050
14.341 0.185 -1.000 0.010 0.262 0.010 14.238 0.050
14.343 0.175 -1.000 0.010 0.262 0.010 14.239 0.051
14.344 0.165 -0.999 0.009 0.262 0.010 14.241 0.051
14.346 0.155 -0.999 0.009 0.262 0.010 14.243 0.051
14.347 0.145 -0.999 0.008 0.262 0.010 14.244 0.052
14.349 0.135 -0.999 0.008 0.262 0.010 14.245 0.052
14.350 0.125 -0.999 0.007 0.262 0.010 14.246 0.052
14.351 0.115 -0.999 0.006 0.262 0.010 14.248 0.053
14.352 0.105 -0.999 0.006 0.262 0.010 14.249 0.053
14.353 0.095 -0.999 0.005 0.262 0.010 14.249 0.053
14.354 0.085 -0.999 0.005 0.262 0.010 14.250 0.053
14.355 0.075 -0.999 0.004 0.262 0.010 14.251 0.054
14.355 0.065 -0.999 0.004 0.262 0.010 14.252 0.054
14.356 0.055 -0.999 0.003 0.262 0.010 14.252 0.054
14.356 0.045 -0.999 0.003 0.262 0.010 14.253 0.054
14.357 0.035 -0.999 0.002 0.262 0.010 14.253 0.054
14.357 0.025 -0.999 0.002 0.262 0.010 14.253 0.054
14.357 0.015 -0.999 0.001 0.262 0.010 14.253 0.054
14.357 0.006 -0.877 12.150 0.262 0.010 14.253 0.054
14.357 0.001 -0.506 37.117 0.262 0.010 14.253 0.054
14.357 0.000 -0.128 37.786 0.262 0.010 14.253 0.054
