InsideLanePathClose
796
0.000 0.005 0.499 49.877 0.000 0.010 0.000 0.979
0.000 0.010 0.499 0.000 0.000 0.010 0.000 0.979
0.000 0.020 0.998 49.877 0.000 0.010 0.000 0.979
0.001 0.030 0.998 -0.000 0.000 0.010 0.001 0.979
0.001 0.040 0.998 -0.000 0.000 0.010 0.001 0.979
0.002 0.050 0.998 0.000 0.000 0.010 0.002 0.979
0.002 0.060 0.998 -0.000 0.000 0.010 0.002 0.979
0.003 0.070 0.998 -0.000 0.000 0.010 0.003 0.979
0.004 0.080 0.998 0.000 0.000 0.010 0.004 0.979
0.005 0.090 0.998 -0.000 0.000 0.010 0.005 0.979
0.006 0.100 0.998 0.000 0.000 0.010 0.006 0.979
0.007 0.110 0.998 -0.000 0.000 0.010 0.007 0.979
0.008 0.120 0.998 0.000 0.000 0.010 0.008 0.979
0.009 0.130 0.998 0.000 0.000 0.010 0.009 0.979
0.010 0.140 0.998 0.000 0.000 0.010 0.010 0.979
0.012 0.150 0.998 -0.000 0.000 0.010 0.012 0.979
0.014 0.160 0.998 0.000 0.000 0.010 0.014 0.979
0.015 0.170 0.998 -0.000 0.000 0.010 0.015 0.979
0.017 0.180 0.998 -0.000 0.000 0.010 0.017 0.979
0.019 0.190 0.998 0.000 0.000 0.010 0.019 0.979
0.021 0.200 0.998 -0.000 0.000 0.010 0.021 0.979
0.023 0.209 0.998 -0.000 0.000 0.010 0.023 0.979
0.025 0.219 0.998 0.000 0.000 0.010 0.025 0.979
0.028 0.229 0.998 0.000 0.000 0.010 0.028 0.979
0.030 0.239 0.998 0.000 0.000 0.010 0.030 0.979
0.032 0.249 0.998 -0.000 0.000 0.010 0.032 0.979
0.035 0.259 0.998 -0.000 0.000 0.010 0.035 0.979
0.038 0.269 0.998 0.000 0.000 0.010 0.038 0.979
0.041 0.279 0.998 -0.000 0.000 0.010 0.041 0.979
0.043 0.289 0.998 0.000 0.000 0.010 0.043 0.979
0.046 0.299 0.998 -0.000 0.000 0.010 0.046 0.979
0.050 0.309 0.998 -0.000 0.000 0.010 0.050 0.979
0.053 0.319 0.998 0.000 0.000 0.010 0.053 0.979
0.056 0.329 0.998 0.000 0.000 0.010 0.056 0.979
0.059 0.339 0.998 -0.000 0.000 0.010 0.059 0.979
0.063 0.349 0.998 0.000 0.000 0.010 0.063 0.979
0.066 0.359 0.998 -0.000 0.000 0.010 0.066 0.979
0.070 0.369 0.998 0.000 0.000 0.010 0.070 0.979
0.074 0.379 0.998 -0.000 0.000 0.010 0.074 0.979
0.078 0.389 0.998 0.000 0.000 0.010 0.078 0.979
0.082 0.399 0.998 -0.000 0.000 0.010 0.082 0.979
0.086 0.409 0.998 -0.000 0.000 0.010 0.086 0.979
0.090 0.419 0.998 0.000 0.000 0.010 0.090 0.979
0.094 0.429 0.998 -0.000 0.000 0.010 0.094 0.979
0.099 0.439 0.998 0.000 0.000 0.010 0.099 0.979
0.103 0.449 0.998 -0.000 0.000 0.010 0.103 0.979
0.108 0.459 0.998 0.000 0.000 0.010 0.108 0.979
0.113 0.469 0.998 -0.000 0.000 0.010 0.113 0.979
0.117 0.479 0.998 0.000 0.000 0.010 0.117 0.979
0.122 0.489 0.998 0.000 0.000 0.010 0.122 0.979
0.127 0.499 0.998 -0.000 0.000 0.010 0.127 0.979
0.132 0.509 0.998 0.000 0.000 0.010 0.132 0.979
0.137 0.519 0.998 0.000 0.000 0.010 0.137 0.979
0.143 0.529 0.998 -0.000 0.000 0.010 0.143 0.979
0.148 0.539 0.998 0.000 0.000 0.010 0.148 0.979
0.154 0.549 0.998 -0.000 0.000 0.010 0.154 0.979
0.159 0.559 0.998 0.000 0.000 0.010 0.159 0.979
0.165 0.569 0.998 -0.000 0.000 0.010 0.165 0.979
0.171 0.579 0.998 -0.000 0.000 0.010 0.171 0.979
0.177 0.589 0.998 0.000 0.000 0.010 0.177 0.979
0.183 0.599 0.998 -0.000 0.000 0.010 0.183 0.979
0.189 0.609 0.998 0.000 0.000 0.010 0.189 0.979
0.195 0.618 0.998 0.000 0.000 0.010 0.195 0.979
0.201 0.628 0.998 0.000 0.000 0.010 0.201 0.979
0.208 0.638 0.998 -0.000 0.000 0.010 0.208 0.979
0.214 0.648 0.998 0.000 0.000 0.010 0.214 0.979
0.221 0.658 0.998 -0.000 0.000 0.010 0.221 0.979
0.227 0.668 0.998 -0.000 0.000 0.010 0.227 0.979
0.234 0.678 0.998 0.000 0.000 0.010 0.234 0.979
0.241 0.688 0.998 0.000 0.000 0.010 0.241 0.979
0.248 0.698 0.998 -0.000 0.000 0.010 0.248 0.979
0.255 0.708 0.998 0.000 0.000 0.010 0.255 0.979
0.262 0.718 0.998 -0.000 0.000 0.010 0.262 0.979
0.269 0.728 0.998 0.000 0.000 0.010 0.269 0.979
0.277 0.738 0.998 0.000 0.000 0.010 0.277 0.979
0.284 0.748 0.998 -0.000 0.000 0.010 0.284 0.979
0.292 0.758 0.998 0.000 0.000 0.010 0.292 0.979
0.300 0.768 0.998 0.000 0.000 0.010 0.300 0.979
0.307 0.778 0.998 -0.000 0.000 0.010 0.307 0.979
0.315 0.788 0.998 0.000 0.000 0.010 0.315 0.979
0.323 0.798 0.998 -0.000 0.000 0.010 0.323 0.979
0.331 0.808 0.998 0.000 0.000 0.010 0.331 0.979
0.339 0.818 0.998 0.000 0.000 0.010 0.339 0.979
0.348 0.828 0.998 -0.000 0.000 0.010 0.348 0.979
0.356 0.838 0.998 0.000 0.000 0.010 0.356 0.979
0.365 0.848 0.998 0.000 0.000 0.010 0.365 0.979
0.373 0.858 0.998 -0.000 0.000 0.010 0.373 0.979
0.382 0.868 0.998 0.000 0.000 0.010 0.382 0.979
0.391 0.878 0.998 -0.000 0.000 0.010 0.391 0.979
0.400 0.888 0.998 0.000 0.000 0.010 0.400 0.979
0.409 0.898 0.998 -0.000 0.000 0.010 0.409 0.979
0.418 0.908 0.998 -0.000 0.000 0.010 0.418 0.979
0.427 0.918 0.998 0.000 0.000 0.010 0.427 0.979
0.436 0.928 0.998 -0.000 0.000 0.010 0.436 0.979
0.445 0.938 0.998 0.000 0.000 0.010 0.445 0.979
0.455 0.948 0.998 -0.000 0.000 0.010 0.455 0.979
0.464 0.958 0.998 -0.000 0.000 0.010 0.464 0.979
0.474 0.968 0.998 0.000 0.000 0.010 0.474 0.979
0.484 0.978 0.998 -0.000 0.000 0.010 0.484 0.979
0.494 0.988 0.998 0.000 0.000 0.010 0.494 0.979
0.504 0.998 0.998 -0.000 0.000 0.010 0.504 0.979
0.514 1.008 0.998 0.000 0.000 0.010 0.514 0.979
0.524 1.017 0.998 0.000 0.000 0.010 0.524 0.979
0.534 1.027 0.998 -0.000 0.000 0.010 0.534 0.979
0.545 1.037 0.998 0.000 0.000 0.010 0.545 0.979
0.555 1.047 0.998 -0.000 0.000 0.010 0.555 0.979
0.566 1.057 0.998 0.000 0.000 0.010 0.566 0.979
0.576 1.067 0.998 0.000 0.000 0.010 0.576 0.979
0.587 1.077 0.998 -0.000 0.000 0.010 0.587 0.979
0.598 1.087 0.998 0.000 0.000 0.010 0.598 0.979
0.609 1.097 0.998 0.000 0.000 0.010 0.609 0.979
0.620 1.107 0.998 -0.000 0.000 0.010 0.620 0.979
0.631 1.117 0.998 0.000 0.000 0.010 0.631 0.979
0.643 1.127 0.998 0.000 0.000 0.010 0.643 0.979
0.654 1.137 0.998 -0.000 0.000 0.010 0.654 0.979
0.665 1.147 0.998 0.000 0.000 0.010 0.665 0.979
0.677 1.157 0.998 -0.000 0.000 0.010 0.677 0.979
0.689 1.167 0.998 0.000 0.000 0.010 0.689 0.979
0.700 1.177 0.998 0.000 0.000 0.010 0.700 0.979
0.712 1.187 0.998 -0.000 0.000 0.010 0.712 0.979
0.724 1.197 0.998 0.000 0.000 0.010 0.724 0.979
0.736 1.207 0.998 -0.000 0.000 0.010 0.736 0.979
0.748 1.217 0.998 0.000 0.000 0.010 0.748 0.979
0.761 1.227 0.998 0.000 0.000 0.010 0.761 0.979
0.773 1.237 0.998 0.000 0.000 0.010 0.773 0.979
0.786 1.247 0.998 -0.000 0.000 0.010 0.786 0.979
0.798 1.257 0.998 0.000 0.000 0.010 0.798 0.979
0.811 1.267 0.998 -0.000 0.000 0.010 0.811 0.979
0.824 1.277 0.998 0.000 0.000 0.010 0.824 0.979
0.836 1.287 0.998 -0.000 0.000 0.010 0.836 0.979
0.849 1.297 0.998 0.000 0.000 0.010 0.849 0.979
0.862 1.307 0.998 -0.000 0.000 0.010 0.862 0.979
0.876 1.317 0.998 -0.000 0.000 0.010 0.876 0.979
0.889 1.327 0.998 -0.000 0.000 0.010 0.889 0.979
0.902 1.337 0.998 0.000 0.000 0.010 0.902 0.979
0.916 1.347 0.998 0.000 0.000 0.010 0.916 0.979
0.929 1.357 0.998 -0.000 0.000 0.010 0.929 0.979
0.943 1.367 0.998 0.000 0.000 0.010 0.943 0.979
0.957 1.377 0.998 -0.000 0.000 0.010 0.957 0.979
0.971 1.387 0.998 -0.000 0.000 0.010 0.971 0.979
0.985 1.397 0.998 0.000 0.000 0.010 0.985 0.979
0.999 1.407 0.998 -0.000 0.000 0.010 0.999 0.979
1.013 1.417 0.998 0.000 0.000 0.010 1.013 0.979
1.027 1.426 0.998 -0.000 0.000 0.010 1.027 0.979
1.041 1.436 0.998 0.000 0.000 0.010 1.041 0.979
1.056 1.446 0.998 -0.000 0.000 0.010 1.056 0.979
1.070 1.456 0.998 -0.000 0.000 0.010 1.070 0.979
1.085 1.466 0.998 0.000 0.000 0.010 1.085 0.979
1.100 1.476 0.998 -0.000 0.000 0.010 1.100 0.979
1.115 1.486 0.998 0.000 0.000 0.010 1.115 0.979
1.130 1.496 0.998 -0.000 0.000 0.010 1.130 0.979
1.145 1.506 0.998 0.000 0.000 0.010 1.145 0.979
1.160 1.516 0.998 -0.000 0.000 0.010 1.160 0.979
1.175 1.526 0.998 0.000 0.000 0.010 1.175 0.979
1.191 1.536 0.998 0.000 0.000 0.010 1.191 0.979
1.206 1.546 0.998 0.000 0.000 0.010 1.206 0.979
1.222 1.556 0.998 -0.000 0.000 0.010 1.222 0.979
1.237 1.566 0.998 0.000 0.000 0.010 1.237 0.979
1.253 1.576 0.998 0.000 0.000 0.010 1.253 0.979
1.269 1.586 0.998 0.000 0.000 0.010 1.269 0.979
1.285 1.596 0.998 -0.000 0.000 0.010 1.285 0.979
1.301 1.606 0.998 0.000 0.000 0.010 1.301 0.979
1.317 1.616 0.998 0.000 0.000 0.010 1.317 0.979
1.333 1.626 0.998 0.000 0.000 0.010 1.333 0.979
1.350 1.636 0.998 -0.000 0.000 0.010 1.350 0.979
1.366 1.646 0.998 0.000 0.000 0.010 1.366 0.979
1.383 1.656 0.998 -0.000 0.000 0.010 1.383 0.979
1.399 1.666 0.998 0.000 0.000 0.010 1.399 0.979
1.416 1.676 0.998 0.000 0.000 0.010 1.416 0.979
1.433 1.686 0.998 -0.000 0.000 0.010 1.433 0.979
1.450 1.696 0.998 -0.000 0.000 0.010 1.450 0.979
1.467 1.706 0.998 0.000 0.000 0.010 1.467 0.979
1.484 1.716 0.998 0.000 0.000 0.010 1.484 0.979
1.501 1.726 0.998 -0.000 0.000 0.010 1.501 0.979
1.519 1.736 0.998 0.000 0.000 0.010 1.519 0.979
1.536 1.746 0.998 0.000 0.000 0.010 1.536 0.979
1.554 1.756 0.998 -0.000 0.000 0.010 1.554 0.979
1.571 1.766 0.998 0.000 0.000 0.010 1.571 0.979
1.589 1.776 0.998 -0.000 0.000 0.010 1.589 0.979
1.607 1.786 0.998 0.000 0.000 0.010 1.607 0.979
1.625 1.796 0.998 0.000 0.000 0.010 1.625 0.979
1.643 1.806 0.998 -0.000 0.000 0.010 1.643 0.979
1.661 1.816 0.998 0.000 0.000 0.010 1.661 0.979
1.679 1.826 0.998 -0.000 0.000 0.010 1.679 0.979
1.698 1.835 0.998 -0.000 0.000 0.010 1.698 0.979
1.716 1.845 0.998 0.000 0.000 0.010 1.716 0.979
1.735 1.855 0.998 -0.000 0.000 0.010 1.735 0.979
1.754 1.865 0.998 0.000 0.000 0.010 1.754 0.979
1.772 1.875 0.998 -0.000 0.000 0.010 1.772 0.979
1.791 1.885 0.998 -0.000 0.000 0.010 1.791 0.979
1.810 1.895 0.998 0.000 0.000 0.010 1.810 0.979
1.829 1.905 0.998 0.000 0.000 0.010 1.829 0.979
1.848 1.915 0.998 -0.000 0.000 0.010 1.848 0.979
1.868 1.925 0.998 0.000 0.000 0.010 1.868 0.979
1.887 1.935 0.998 -0.000 0.000 0.010 1.887 0.979
1.906 1.945 0.998 0.000 0.000 0.010 1.906 0.979
1.926 1.955 0.998 -0.000 0.000 0.010 1.926 0.979
1.946 1.965 0.998 0.000 0.000 0.010 1.946 0.979
1.965 1.975 0.998 -0.000 0.000 0.010 1.965 0.979
1.985 1.985 0.998 0.000 0.000 0.010 1.985 0.979
2.005 1.995 0.998 -0.000 0.000 0.010 2.005 0.979
2.025 2.005 0.998 0.000 0.000 0.010 2.025 0.979
2.045 2.015 0.998 0.000 0.000 0.010 2.045 0.979
2.066 2.025 0.998 0.000 0.000 0.010 2.066 0.979
2.086 2.035 0.998 -0.000 0.000 0.010 2.086 0.979
2.106 2.045 0.998 0.000 0.000 0.010 2.106 0.979
2.127 2.055 0.998 -0.000 0.000 0.010 2.127 0.979
2.148 2.065 0.998 0.000 0.000 0.010 2.148 0.979
2.168 2.075 0.998 0.000 0.000 0.010 2.168 0.979
2.189 2.085 0.998 -0.000 0.000 0.010 2.189 0.979
2.210 2.095 0.998 0.000 0.000 0.010 2.210 0.979
2.231 2.105 0.998 0.000 0.000 0.010 2.231 0.979
2.252 2.115 0.998 -0.000 0.000 0.010 2.252 0.979
2.274 2.125 0.998 0.000 0.000 0.010 2.274 0.979
2.295 2.135 0.998 0.000 0.000 0.010 2.295 0.979
2.316 2.145 0.998 -0.000 0.000 0.010 2.316 0.979
2.338 2.155 0.998 0.000 0.000 0.010 2.338 0.979
2.360 2.165 0.998 -0.000 0.000 0.010 2.360 0.979
2.381 2.175 0.998 0.000 0.000 0.010 2.381 0.979
2.403 2.185 0.998 0.000 0.000 0.010 2.403 0.979
2.425 2.195 0.998 -0.000 0.000 0.010 2.425 0.979
2.447 2.205 0.998 0.000 0.000 0.010 2.447 0.979
2.469 2.215 0.998 0.000 0.000 0.010 2.469 0.979
2.491 2.225 0.998 -0.000 0.000 0.010 2.491 0.979
2.514 2.234 0.998 0.000 0.000 0.010 2.514 0.979
2.536 2.244 0.998 -0.000 0.000 0.010 2.536 0.979
2.559 2.254 0.998 0.000 0.000 0.010 2.559 0.979
2.581 2.264 0.998 -0.000 0.000 0.010 2.581 0.979
2.604 2.274 0.998 0.000 0.000 0.010 2.604 0.979
2.627 2.284 0.998 0.000 0.000 0.010 2.627 0.979
2.650 2.294 0.998 -0.000 0.000 0.010 2.650 0.979
2.673 2.304 0.998 0.000 0.000 0.010 2.673 0.979
2.696 2.314 0.998 0.000 0.000 0.010 2.696 0.979
2.719 2.324 0.998 0.000 0.000 0.010 2.719 0.979
2.743 2.334 0.998 -0.000 0.000 0.010 2.743 0.979
2.766 2.344 0.998 0.000 0.000 0.010 2.766 0.979
2.790 2.354 0.998 0.000 0.000 0.010 2.790 0.979
2.813 2.364 0.998 -0.000 0.000 0.010 2.813 0.979
2.837 2.374 0.998 0.000 0.000 0.010 2.837 0.979
2.861 2.384 0.998 -0.000 0.000 0.010 2.861 0.979
2.885 2.394 0.998 0.000 0.000 0.010 2.885 0.979
2.909 2.404 0.998 -0.000 0.000 0.010 2.909 0.979
2.933 2.414 0.998 0.000 0.000 0.010 2.933 0.979
2.957 2.424 0.998 0.000 0.000 0.010 2.957 0.979
2.982 2.434 0.998 -0.000 0.000 0.010 2.982 0.979
3.006 2.444 0.998 0.000 0.000 0.010 3.006 0.979
3.031 2.454 0.998 -0.000 0.000 0.010 3.031 0.979
3.055 2.464 0.998 -0.000 0.000 0.010 3.055 0.979
3.080 2.474 0.998 0.000 0.000 0.010 3.080 0.979
3.105 2.484 0.998 -0.000 0.000 0.010 3.105 0.979
3.130 2.494 0.998 0.000 0.000 0.010 3.130 0.979
3.155 2.504 0.998 -0.000 0.000 0.010 3.155 0.979
3.180 2.514 0.998 0.000 0.000 0.010 3.180 0.979
3.205 2.524 0.998 -0.000 0.000 0.010 3.205 0.979
3.231 2.534 0.998 0.000 0.000 0.010 3.231 0.979
3.256 2.544 0.998 -0.000 0.000 0.010 3.256 0.979
3.282 2.554 0.998 0.000 0.000 0.010 3.282 0.979
3.307 2.564 0.998 0.000 0.000 0.010 3.307 0.979
3.333 2.574 0.998 -0.000 0.000 0.010 3.333 0.979
3.359 2.584 0.998 0.000 0.000 0.010 3.359 0.979
3.385 2.594 0.998 0.000 0.000 0.010 3.385 0.979
3.411 2.604 0.998 0.000 0.000 0.010 3.411 0.979
3.437 2.614 0.998 -0.000 0.000 0.010 3.437 0.979
3.463 2.624 0.998 0.000 0.000 0.010 3.463 0.979
3.489 2.634 0.998 0.000 0.000 0.010 3.489 0.979
3.516 2.643 0.998 0.000 0.000 0.010 3.516 0.979
3.542 2.653 0.998 -0.000 0.000 0.010 3.542 0.979
3.569 2.663 0.998 -0.000 0.000 0.010 3.569 0.979
3.596 2.673 0.998 -0.000 0.000 0.010 3.596 0.979
3.623 2.683 0.998 0.000 0.000 0.010 3.623 0.979
3.650 2.693 0.998 -0.000 0.000 0.010 3.650 0.979
3.677 2.703 0.998 -0.000 0.000 0.010 3.677 0.979
3.704 2.713 0.998 0.000 0.000 0.010 3.704 0.979
3.731 2.723 0.998 -0.000 0.000 0.010 3.731 0.979
3.758 2.733 0.998 -0.000 0.000 0.010 3.758 0.979
3.786 2.743 0.998 -0.000 0.000 0.010 3.786 0.979
3.813 2.753 0.998 0.000 0.000 0.010 3.813 0.979
3.841 2.763 0.998 -0.000 0.000 0.010 3.841 0.979
3.869 2.773 0.998 0.000 0.000 0.010 3.869 0.979
3.896 2.783 0.998 -0.000 0.000 0.010 3.896 0.979
3.924 2.793 0.998 0.000 0.000 0.010 3.924 0.979
3.952 2.803 0.998 0.000 0.000 0.010 3.952 0.979
3.981 2.813 0.998 -0.000 0.000 0.010 3.981 0.979
4.009 2.823 0.998 0.000 0.000 0.010 4.009 0.979
4.037 2.833 0.998 0.000 0.000 0.010 4.037 0.979
4.066 2.843 0.998 0.000 0.000 0.010 4.066 0.979
4.094 2.853 0.998 -0.000 0.000 0.010 4.094 0.979
4.123 2.863 0.998 0.000 0.000 0.010 4.123 0.979
4.151 2.873 0.998 -0.000 0.000 0.010 4.151 0.979
4.180 2.883 0.998 0.000 0.000 0.010 4.180 0.979
4.209 2.893 0.998 -0.000 0.000 0.010 4.209 0.979
4.238 2.903 0.998 0.000 0.000 0.010 4.238 0.979
4.267 2.913 0.998 -0.000 0.000 0.010 4.267 0.979
4.297 2.923 0.998 -0.000 0.000 0.010 4.297 0.979
4.326 2.933 0.998 0.000 0.000 0.010 4.326 0.979
4.355 2.943 0.998 -0.000 0.000 0.010 4.355 0.979
4.385 2.953 0.998 0.000 0.000 0.010 4.385 0.979
4.414 2.963 0.998 -0.000 0.000 0.010 4.414 0.979
4.444 2.973 0.998 0.000 0.000 0.010 4.444 0.979
4.474 2.983 0.998 0.000 0.000 0.010 4.474 0.979
4.504 2.993 0.998 -0.000 0.000 0.010 4.504 0.979
4.534 3.003 0.998 0.000 0.000 0.010 4.534 0.979
4.564 3.013 0.998 0.000 0.000 0.010 4.564 0.979
4.594 3.023 0.998 -0.000 0.000 0.010 4.594 0.979
4.625 3.033 0.998 0.000 0.000 0.010 4.625 0.979
4.655 3.043 0.998 0.000 0.000 0.010 4.655 0.979
4.686 3.052 0.998 0.000 0.000 0.010 4.686 0.979
4.716 3.062 0.998 -0.000 0.000 0.010 4.716 0.979
4.747 3.072 0.998 0.000 0.000 0.010 4.747 0.979
4.778 3.082 0.998 -0.000 0.000 0.010 4.778 0.979
4.809 3.092 0.998 0.000 0.000 0.010 4.809 0.979
4.840 3.102 0.998 -0.000 0.000 0.010 4.840 0.979
4.871 3.112 0.998 0.000 0.000 0.010 4.871 0.979
4.902 3.122 0.998 -0.000 0.000 0.010 4.902 0.979
4.933 3.132 0.998 -0.000 0.000 0.010 4.933 0.979
4.965 3.142 0.998 0.000 0.000 0.010 4.965 0.979
4.996 3.152 0.998 -0.000 0.000 0.010 4.996 0.979
5.028 3.162 0.998 0.000 0.000 0.010 5.028 0.979
5.060 3.172 0.998 -0.000 0.000 0.010 5.060 0.979
5.091 3.182 0.998 0.000 0.000 0.010 5.091 0.979
5.123 3.192 0.998 0.000 0.000 0.010 5.123 0.979
5.155 3.202 0.998 -0.000 0.000 0.010 5.155 0.979
5.188 3.212 0.998 0.000 0.000 0.010 5.188 0.979
5.220 3.222 0.998 0.000 0.000 0.010 5.220 0.979
5.252 3.232 0.998 0.000 0.000 0.010 5.252 0.979
5.285 3.242 0.998 -0.000 0.000 0.010 5.285 0.979
5.317 3.252 0.998 0.000 0.000 0.010 5.317 0.979
5.350 3.262 0.998 0.000 0.000 0.010 5.350 0.979
5.382 3.272 0.998 -0.000 0.000 0.010 5.382 0.979
5.415 3.282 0.998 0.000 0.000 0.010 5.415 0.979
5.448 3.292 0.998 -0.000 0.000 0.010 5.448 0.979
5.481 3.302 0.998 0.000 0.000 0.010 5.481 0.979
5.514 3.312 0.998 -0.000 0.000 0.010 5.514 0.979
5.547 3.322 0.998 0.000 0.000 0.010 5.547 0.979
5.581 3.332 0.998 -0.000 0.000 0.010 5.581 0.979
5.614 3.342 0.998 0.000 0.000 0.010 5.614 0.979
5.648 3.352 0.998 0.000 0.000 0.010 5.648 0.979
5.681 3.362 0.998 0.000 0.000 0.010 5.681 0.979
5.715 3.372 0.998 0.000 0.000 0.010 5.715 0.979
5.749 3.382 0.998 -0.000 0.000 0.010 5.749 0.979
5.783 3.392 0.998 0.000 0.000 0.010 5.783 0.979
5.817 3.402 0.998 0.000 0.000 0.010 5.817 0.979
5.851 3.412 0.998 -0.000 0.000 0.010 5.851 0.979
5.885 3.422 0.998 0.000 0.000 0.010 5.885 0.979
5.919 3.432 0.998 -0.000 0.000 0.010 5.919 0.979
5.954 3.442 0.998 0.000 0.000 0.010 5.954 0.979
5.988 3.451 0.998 -0.000 0.000 0.010 5.988 0.979
6.023 3.461 0.998 0.000 0.000 0.010 6.023 0.979
6.058 3.471 0.998 0.000 0.000 0.010 6.058 0.979
6.093 3.481 0.998 -0.000 0.000 0.010 6.093 0.979
6.127 3.491 0.998 0.000 0.000 0.010 6.127 0.979
6.162 3.501 0.998 0.000 0.000 0.010 6.162 0.979
6.198 3.511 0.998 0.000 0.000 0.010 6.198 0.979
6.233 3.521 0.998 -0.000 0.000 0.010 6.233 0.979
6.268 3.531 0.998 0.000 0.000 0.010 6.268 0.979
6.303 3.541 0.998 0.000 0.000 0.010 6.303 0.979
6.339 3.551 0.998 -0.000 0.000 0.010 6.339 0.979
6.375 3.561 0.998 0.000 0.000 0.010 6.375 0.979
6.410 3.571 0.998 0.000 0.000 0.010 6.410 0.979
6.446 3.581 0.998 0.000 0.000 0.010 6.446 0.979
6.482 3.591 0.998 -0.000 0.000 0.010 6.482 0.979
6.518 3.601 0.998 0.000 0.000 0.010 6.518 0.979
6.554 3.611 0.998 0.000 0.000 0.010 6.554 0.979
6.590 3.621 0.998 -0.000 0.000 0.010 6.590 0.979
6.627 3.631 0.998 0.000 0.000 0.010 6.627 0.979
6.663 3.641 0.998 -0.000 0.000 0.010 6.663 0.979
6.700 3.651 0.998 0.000 0.000 0.010 6.700 0.979
6.736 3.661 0.998 -0.000 0.000 0.010 6.736 0.979
6.773 3.671 0.998 0.000 0.000 0.010 6.773 0.979
6.810 3.681 0.998 0.000 0.000 0.010 6.810 0.979
6.847 3.691 0.998 -0.000 0.000 0.010 6.847 0.979
6.884 3.701 0.998 0.000 0.000 0.010 6.884 0.979
6.921 3.711 0.998 0.000 0.000 0.010 6.921 0.979
6.958 3.721 0.998 0.000 0.000 0.010 6.958 0.979
6.995 3.731 0.998 -0.000 0.000 0.010 6.995 0.979
7.033 3.732 0.131 -86.664 0.000 0.010 7.033 0.979
7.070 3.720 -1.235 -136.603 0.000 0.010 7.070 0.979
7.107 3.708 -1.222 1.356 0.001 0.010 7.107 0.979
7.144 3.696 -1.191 3.029 0.002 0.010 7.144 0.979
7.181 3.684 -1.162 2.897 0.003 0.010 7.181 0.979
7.217 3.673 -1.135 2.775 0.004 0.010 7.217 0.979
7.254 3.662 -1.108 2.664 0.005 0.010 7.254 0.980
7.291 3.651 -1.082 2.563 0.007 0.010 7.291 0.980
7.327 3.640 -1.058 2.472 0.009 0.010 7.327 0.980
7.363 3.630 -1.034 2.392 0.011 0.010 7.363 0.980
7.399 3.620 -1.010 2.323 0.013 0.010 7.399 0.981
7.436 3.610 -0.988 2.265 0.016 0.010 7.436 0.981
7.472 3.600 -0.966 2.217 0.018 0.010 7.472 0.982
7.507 3.591 -0.944 2.180 0.021 0.010 7.507 0.983
7.543 3.582 -0.922 2.155 0.024 0.010 7.543 0.983
7.579 3.573 -0.901 2.140 0.027 0.010 7.579 0.984
7.615 3.564 -0.879 2.136 0.031 0.010 7.615 0.985
7.650 3.555 -0.858 2.143 0.034 0.010 7.650 0.987
7.686 3.547 -0.836 2.162 0.038 0.010 7.686 0.988
7.721 3.539 -0.815 2.191 0.042 0.010 7.721 0.989
7.756 3.531 -0.792 2.232 0.046 0.010 7.756 0.991
7.792 3.521 -0.991 -19.906 0.051 0.010 7.791 0.993
7.827 3.505 -1.622 -63.026 0.055 0.010 7.826 0.994
7.861 3.482 -2.239 -61.782 0.060 0.010 7.861 0.996
7.896 3.458 -2.419 -17.975 0.065 0.010 7.896 0.999
7.930 3.434 -2.377 4.207 0.070 0.010 7.930 1.001
7.964 3.411 -2.329 4.782 0.075 0.010 7.964 1.003
7.998 3.388 -2.281 4.778 0.080 0.010 7.998 1.006
8.032 3.366 -2.234 4.780 0.086 0.010 8.031 1.009
8.065 3.344 -2.186 4.788 0.091 0.010 8.065 1.012
8.099 3.323 -2.138 4.799 0.097 0.010 8.098 1.015
8.132 3.302 -2.090 4.815 0.102 0.010 8.130 1.018
8.164 3.281 -2.041 4.832 0.108 0.010 8.163 1.022
8.197 3.261 -1.993 4.852 0.114 0.010 8.195 1.025
8.230 3.242 -1.944 4.873 0.120 0.010 8.228 1.029
8.262 3.223 -1.895 4.895 0.126 0.010 8.260 1.033
8.294 3.204 -1.846 4.917 0.132 0.010 8.291 1.037
8.326 3.187 -1.797 4.937 0.139 0.010 8.323 1.041
8.357 3.169 -1.747 4.956 0.145 0.010 8.354 1.046
8.389 3.152 -1.697 4.973 0.151 0.010 8.386 1.050
8.420 3.136 -1.647 4.987 0.158 0.010 8.417 1.055
8.451 3.120 -1.597 4.997 0.164 0.010 8.447 1.060
8.482 3.104 -1.547 5.004 0.171 0.010 8.478 1.065
8.513 3.089 -1.497 5.006 0.178 0.010 8.508 1.071
8.544 3.075 -1.447 5.003 0.184 0.010 8.539 1.076
8.575 3.061 -1.397 4.996 0.191 0.010 8.569 1.082
8.605 3.047 -1.348 4.982 0.198 0.010 8.599 1.088
8.636 3.034 -1.298 4.963 0.205 0.010 8.628 1.094
8.666 3.022 -1.249 4.937 0.212 0.010 8.658 1.100
8.696 3.010 -1.199 4.905 0.218 0.010 8.687 1.107
8.726 2.998 -1.151 4.866 0.225 0.010 8.717 1.113
8.756 2.987 -1.103 4.821 0.232 0.010 8.746 1.120
8.785 2.977 -1.055 4.769 0.239 0.010 8.775 1.127
8.815 2.967 -1.008 4.711 0.246 0.010 8.803 1.134
8.845 2.957 -0.961 4.646 0.253 0.010 8.832 1.141
8.874 2.948 -0.916 4.574 0.260 0.010 8.861 1.149
8.904 2.939 -0.871 4.496 0.267 0.010 8.889 1.157
8.933 2.931 -0.826 4.412 0.273 0.010 8.917 1.164
8.962 2.923 -0.783 4.322 0.280 0.010 8.945 1.172
8.991 2.916 -0.741 4.226 0.287 0.010 8.973 1.181
9.020 2.909 -0.700 4.124 0.294 0.010 9.001 1.189
9.049 2.902 -0.660 4.018 0.301 0.010 9.029 1.197
9.078 2.896 -0.621 3.907 0.307 0.010 9.057 1.206
9.107 2.890 -0.583 3.792 0.314 0.010 9.084 1.215
9.136 2.885 -0.546 3.673 0.321 0.010 9.111 1.224
9.165 2.879 -0.510 3.550 0.327 0.010 9.139 1.233
9.194 2.875 -0.476 3.425 0.334 0.010 9.166 1.242
9.222 2.870 -0.443 3.297 0.340 0.010 9.193 1.252
9.251 2.866 -0.412 3.166 0.346 0.010 9.220 1.261
9.280 2.862 -0.381 3.034 0.353 0.010 9.247 1.271
9.308 2.859 -0.352 2.901 0.359 0.010 9.274 1.281
9.337 2.856 -0.324 2.767 0.365 0.010 9.300 1.291
9.365 2.853 -0.298 2.632 0.371 0.010 9.327 1.302
9.394 2.850 -0.273 2.498 0.377 0.010 9.354 1.312
9.422 2.847 -0.250 2.363 0.383 0.010 9.380 1.323
9.451 2.845 -0.227 2.230 0.389 0.010 9.406 1.333
9.479 2.843 -0.206 2.098 0.395 0.010 9.433 1.344
9.508 2.841 -0.187 1.967 0.401 0.010 9.459 1.355
9.536 2.840 -0.168 1.838 0.406 0.010 9.485 1.366
9.564 2.838 -0.151 1.711 0.412 0.010 9.511 1.378
9.593 2.837 -0.135 1.586 0.417 0.010 9.537 1.389
9.621 2.835 -0.121 1.464 0.423 0.010 9.563 1.401
9.649 2.834 -0.107 1.344 0.428 0.010 9.589 1.412
9.678 2.833 -0.095 1.227 0.433 0.010 9.614 1.424
9.706 2.833 -0.084 1.114 0.438 0.010 9.640 1.436
9.734 2.832 -0.074 1.004 0.443 0.010 9.666 1.448
9.763 2.831 -0.065 0.897 0.448 0.010 9.691 1.460
9.791 2.831 -0.057 0.794 0.453 0.010 9.717 1.473
9.819 2.830 -0.050 0.694 0.458 0.010 9.742 1.485
9.848 2.830 -0.044 0.598 0.462 0.010 9.767 1.498
9.876 2.829 -0.039 0.505 0.467 0.010 9.793 1.510
9.904 2.829 -0.035 0.417 0.471 0.010 9.818 1.523
9.932 2.829 -0.031 0.332 0.476 0.010 9.843 1.536
9.961 2.828 -0.029 0.250 0.480 0.010 9.868 1.549
9.989 2.828 -0.027 0.173 0.484 0.010 9.893 1.562
10.017 2.828 -0.026 0.099 0.488 0.010 9.918 1.576
10.046 2.828 -0.026 0.028 0.492 0.010 9.943 1.589
10.074 2.827 -0.026 -0.039 0.496 0.010 9.968 1.602
10.102 2.827 -0.027 -0.102 0.500 0.010 9.993 1.616
10.130 2.827 -0.029 -0.163 0.503 0.010 10.018 1.629
10.159 2.826 -0.031 -0.219 0.507 0.010 10.043 1.643
10.187 2.826 -0.034 -0.273 0.510 0.010 10.067 1.657
10.215 2.826 -0.037 -0.324 0.514 0.010 10.092 1.671
10.243 2.825 -0.041 -0.371 0.517 0.010 10.116 1.685
10.272 2.825 -0.045 -0.416 0.520 0.010 10.141 1.699
10.300 2.824 -0.050 -0.457 0.523 0.010 10.165 1.713
10.328 2.824 -0.054 -0.496 0.526 0.010 10.190 1.727
10.356 2.823 -0.060 -0.533 0.529 0.010 10.214 1.741
10.385 2.823 -0.065 -0.567 0.532 0.010 10.239 1.755
10.413 2.822 -0.071 -0.599 0.534 0.010 10.263 1.770
10.441 2.821 -0.078 -0.628 0.537 0.010 10.287 1.784
10.469 2.820 -0.084 -0.655 0.539 0.010 10.311 1.798
10.497 2.819 -0.091 -0.680 0.542 0.010 10.336 1.813
10.526 2.818 -0.098 -0.703 0.544 0.010 10.360 1.827
10.554 2.817 -0.105 -0.725 0.546 0.010 10.384 1.842
10.582 2.816 -0.113 -0.744 0.548 0.010 10.408 1.857
10.610 2.815 -0.120 -0.762 0.550 0.010 10.432 1.871
10.638 2.814 -0.128 -0.778 0.552 0.010 10.456 1.886
10.666 2.812 -0.136 -0.793 0.554 0.010 10.480 1.901
10.694 2.811 -0.144 -0.807 0.556 0.010 10.504 1.916
10.723 2.809 -0.152 -0.819 0.557 0.010 10.528 1.931
10.751 2.808 -0.161 -0.830 0.559 0.010 10.551 1.945
10.779 2.806 -0.169 -0.840 0.561 0.010 10.575 1.960
10.807 2.804 -0.178 -0.849 0.562 0.010 10.599 1.975
10.835 2.802 -0.186 -0.857 0.563 0.010 10.623 1.990
10.863 2.800 -0.195 -0.863 0.565 0.010 10.646 2.005
10.891 2.798 -0.203 -0.870 0.566 0.010 10.670 2.020
10.919 2.796 -0.212 -0.875 0.567 0.010 10.693 2.035
10.947 2.794 -0.221 -0.880 0.568 0.010 10.717 2.050
10.975 2.792 -0.230 -0.884 0.569 0.010 10.741 2.065
11.002 2.789 -0.239 -0.887 0.570 0.010 10.764 2.080
11.030 2.787 -0.248 -0.890 0.570 0.010 10.788 2.095
11.058 2.784 -0.257 -0.892 0.571 0.010 10.811 2.110
11.086 2.782 -0.266 -0.894 0.572 0.010 10.834 2.125
11.114 2.779 -0.274 -0.896 0.572 0.010 10.858 2.140
11.142 2.776 -0.283 -0.897 0.573 0.010 10.881 2.155
11.169 2.773 -0.292 -0.898 0.573 0.010 10.904 2.171
11.197 2.770 -0.301 -0.898 0.574 0.010 10.928 2.186
11.225 2.767 -0.310 -0.899 0.574 0.010 10.951 2.201
11.252 2.764 -0.319 -0.899 0.574 0.010 10.974 2.216
11.280 2.761 -0.328 -0.899 0.574 0.010 10.997 2.231
11.307 2.757 -0.337 -0.898 0.574 0.010 11.020 2.246
11.335 2.754 -0.346 -0.898 0.574 0.010 11.044 2.260
11.362 2.750 -0.355 -0.898 0.574 0.010 11.067 2.275
11.390 2.747 -0.364 -0.897 0.574 0.010 11.090 2.290
11.417 2.743 -0.373 -0.896 0.574 0.010 11.113 2.305
11.445 2.739 -0.382 -0.896 0.574 0.010 11.136 2.320
11.472 2.735 -0.391 -0.895 0.573 0.010 11.159 2.335
11.499 2.731 -0.400 -0.894 0.573 0.010 11.182 2.350
11.527 2.727 -0.409 -0.894 0.572 0.010 11.205 2.365
11.554 2.723 -0.418 -0.893 0.572 0.010 11.227 2.379
11.581 2.719 -0.427 -0.892 0.571 0.010 11.250 2.394
11.608 2.714 -0.436 -0.891 0.571 0.010 11.273 2.409
11.635 2.710 -0.445 -0.891 0.570 0.010 11.296 2.423
11.662 2.705 -0.454 -0.890 0.569 0.010 11.319 2.438
11.689 2.701 -0.462 -0.889 0.569 0.010 11.341 2.452
11.716 2.696 -0.471 -0.889 0.568 0.010 11.364 2.467
11.743 2.691 -0.480 -0.888 0.567 0.010 11.387 2.481
11.770 2.686 -0.489 -0.888 0.566 0.010 11.410 2.496
11.797 2.681 -0.498 -0.887 0.565 0.010 11.432 2.510
11.824 2.676 -0.507 -0.887 0.564 0.010 11.455 2.524
11.850 2.671 -0.516 -0.886 0.563 0.010 11.477 2.539
11.877 2.666 -0.525 -0.886 0.562 0.010 11.500 2.553
11.904 2.660 -0.533 -0.886 0.560 0.010 11.522 2.567
11.930 2.655 -0.542 -0.886 0.559 0.010 11.545 2.581
11.957 2.649 -0.551 -0.885 0.558 0.010 11.567 2.595
11.983 2.644 -0.560 -0.885 0.557 0.010 11.590 2.609
12.010 2.638 -0.569 -0.885 0.555 0.010 11.612 2.623
12.036 2.632 -0.578 -0.885 0.554 0.010 11.635 2.637
12.062 2.627 -0.587 -0.885 0.552 0.010 11.657 2.651
12.088 2.621 -0.595 -0.884 0.551 0.010 11.679 2.665
12.114 2.615 -0.604 -0.884 0.549 0.010 11.702 2.678
12.141 2.608 -0.613 -0.884 0.548 0.010 11.724 2.692
12.167 2.602 -0.622 -0.884 0.546 0.010 11.746 2.705
12.193 2.596 -0.631 -0.883 0.544 0.010 11.768 2.719
12.218 2.589 -0.640 -0.883 0.543 0.010 11.790 2.732
12.244 2.583 -0.648 -0.883 0.541 0.010 11.813 2.745
12.270 2.576 -0.657 -0.882 0.539 0.010 11.835 2.759
12.296 2.570 -0.666 -0.882 0.537 0.010 11.857 2.772
12.321 2.563 -0.675 -0.881 0.536 0.010 11.879 2.785
12.347 2.556 -0.684 -0.881 0.534 0.010 11.901 2.798
12.372 2.549 -0.692 -0.880 0.532 0.010 11.923 2.811
12.398 2.542 -0.701 -0.879 0.530 0.010 11.945 2.824
12.423 2.535 -0.710 -0.878 0.528 0.010 11.967 2.837
12.448 2.528 -0.719 -0.877 0.526 0.010 11.988 2.849
12.474 2.521 -0.728 -0.876 0.524 0.010 12.010 2.862
12.499 2.513 -0.736 -0.874 0.522 0.010 12.032 2.875
12.524 2.506 -0.745 -0.873 0.520 0.010 12.054 2.887
12.549 2.498 -0.754 -0.871 0.518 0.010 12.075 2.899
12.574 2.491 -0.762 -0.869 0.516 0.010 12.097 2.912
12.599 2.483 -0.771 -0.867 0.514 0.010 12.119 2.924
12.623 2.475 -0.780 -0.865 0.512 0.010 12.140 2.936
12.648 2.467 -0.788 -0.862 0.509 0.010 12.162 2.948
12.673 2.459 -0.797 -0.860 0.507 0.010 12.183 2.960
12.697 2.451 -0.806 -0.857 0.505 0.010 12.205 2.972
12.722 2.443 -0.814 -0.854 0.503 0.010 12.226 2.984
12.746 2.435 -0.823 -0.851 0.500 0.010 12.247 2.996
12.770 2.427 -0.831 -0.847 0.498 0.010 12.269 3.007
12.794 2.418 -0.840 -0.843 0.496 0.010 12.290 3.019
12.818 2.410 -0.848 -0.839 0.494 0.010 12.311 3.030
12.842 2.401 -0.856 -0.835 0.491 0.010 12.332 3.041
12.866 2.393 -0.865 -0.831 0.489 0.010 12.353 3.053
12.890 2.384 -0.873 -0.826 0.487 0.010 12.375 3.064
12.914 2.375 -0.881 -0.821 0.484 0.010 12.396 3.075
12.938 2.366 -0.889 -0.816 0.482 0.010 12.417 3.086
12.961 2.357 -0.897 -0.810 0.480 0.010 12.437 3.097
12.985 2.348 -0.905 -0.805 0.477 0.010 12.458 3.108
13.008 2.339 -0.913 -0.799 0.475 0.010 12.479 3.118
13.031 2.330 -0.921 -0.792 0.472 0.010 12.500 3.129
13.055 2.320 -0.929 -0.786 0.470 0.010 12.520 3.140
13.078 2.311 -0.937 -0.779 0.468 0.010 12.541 3.150
13.101 2.302 -0.945 -0.772 0.465 0.010 12.562 3.160
13.124 2.292 -0.952 -0.765 0.463 0.010 12.582 3.171
13.146 2.283 -0.960 -0.757 0.460 0.010 12.603 3.181
13.169 2.273 -0.967 -0.749 0.458 0.010 12.623 3.191
13.192 2.263 -0.975 -0.741 0.455 0.010 12.643 3.201
13.214 2.253 -0.982 -0.733 0.453 0.010 12.663 3.211
13.237 2.243 -0.989 -0.724 0.451 0.010 12.684 3.221
13.259 2.233 -0.996 -0.716 0.448 0.010 12.704 3.230
13.281 2.223 -1.004 -0.707 0.446 0.010 12.724 3.240
13.303 2.213 -1.011 -0.697 0.443 0.010 12.744 3.249
13.326 2.203 -1.017 -0.688 0.441 0.010 12.764 3.259
13.347 2.193 -1.024 -0.678 0.438 0.010 12.784 3.268
13.369 2.183 -1.031 -0.668 0.436 0.010 12.803 3.277
13.391 2.172 -1.037 -0.658 0.434 0.010 12.823 3.286
13.413 2.162 -1.044 -0.648 0.431 0.010 12.843 3.296
13.434 2.151 -1.050 -0.637 0.429 0.010 12.862 3.305
13.456 2.141 -1.057 -0.627 0.426 0.010 12.882 3.313
13.477 2.130 -1.063 -0.616 0.424 0.010 12.901 3.322
13.498 2.119 -1.069 -0.605 0.422 0.010 12.920 3.331
13.519 2.109 -1.075 -0.594 0.419 0.010 12.940 3.339
13.540 2.098 -1.081 -0.582 0.417 0.010 12.959 3.348
13.561 2.087 -1.086 -0.571 0.415 0.010 12.978 3.356
13.582 2.076 -1.092 -0.559 0.412 0.010 12.997 3.365
13.602 2.065 -1.097 -0.548 0.410 0.010 13.016 3.373
13.623 2.054 -1.103 -0.536 0.407 0.010 13.035 3.381
13.643 2.043 -1.108 -0.524 0.405 0.010 13.054 3.389
13.664 2.032 -1.113 -0.512 0.403 0.010 13.072 3.397
13.684 2.021 -1.118 -0.500 0.401 0.010 13.091 3.405
13.704 2.009 -1.123 -0.487 0.398 0.010 13.109 3.413
13.724 1.998 -1.128 -0.475 0.396 0.010 13.128 3.421
13.744 1.987 -1.132 -0.463 0.394 0.010 13.146 3.428
13.764 1.975 -1.137 -0.450 0.392 0.010 13.164 3.436
13.783 1.964 -1.141 -0.438 0.389 0.010 13.182 3.443
13.803 1.953 -1.145 -0.426 0.387 0.010 13.201 3.451
13.822 1.941 -1.150 -0.413 0.385 0.010 13.219 3.458
13.841 1.930 -1.154 -0.401 0.383 0.010 13.236 3.465
13.861 1.918 -1.157 -0.388 0.381 0.010 13.254 3.472
13.880 1.906 -1.161 -0.376 0.378 0.010 13.272 3.479
13.899 1.895 -1.165 -0.363 0.376 0.010 13.290 3.486
13.917 1.883 -1.168 -0.351 0.374 0.010 13.307 3.493
13.936 1.871 -1.172 -0.338 0.372 0.010 13.324 3.500
13.955 1.860 -1.175 -0.326 0.370 0.010 13.342 3.507
13.973 1.848 -1.178 -0.313 0.368 0.010 13.359 3.514
13.992 1.836 -1.181 -0.301 0.366 0.010 13.376 3.520
14.010 1.824 -1.184 -0.289 0.364 0.010 13.393 3.527
14.028 1.812 -1.187 -0.276 0.362 0.010 13.410 3.533
14.046 1.800 -1.189 -0.264 0.360 0.010 13.427 3.539
14.064 1.788 -1.192 -0.252 0.358 0.010 13.444 3.546
14.082 1.776 -1.194 -0.240 0.356 0.010 13.460 3.552
14.099 1.765 -1.197 -0.228 0.354 0.010 13.477 3.558
14.117 1.753 -1.199 -0.216 0.352 0.010 13.493 3.564
14.134 1.741 -1.201 -0.205 0.350 0.010 13.510 3.570
14.151 1.729 -1.203 -0.193 0.348 0.010 13.526 3.576
14.169 1.716 -1.205 -0.182 0.347 0.010 13.542 3.582
14.186 1.704 -1.206 -0.170 0.345 0.010 13.558 3.588
14.203 1.692 -1.208 -0.159 0.343 0.010 13.574 3.593
14.219 1.680 -1.209 -0.148 0.341 0.010 13.590 3.599
14.236 1.668 -1.211 -0.137 0.339 0.010 13.606 3.605
14.253 1.656 -1.212 -0.126 0.338 0.010 13.621 3.610
14.269 1.644 -1.213 -0.115 0.336 0.010 13.637 3.616
14.285 1.632 -1.214 -0.105 0.334 0.010 13.652 3.621
14.302 1.620 -1.215 -0.094 0.333 0.010 13.668 3.626
14.318 1.607 -1.216 -0.084 0.331 0.010 13.683 3.631
14.334 1.595 -1.217 -0.074 0.329 0.010 13.698 3.637
14.349 1.583 -1.217 -0.064 0.328 0.010 13.713 3.642
14.365 1.571 -1.218 -0.054 0.326 0.010 13.728 3.647
14.381 1.559 -1.218 -0.044 0.325 0.010 13.742 3.652
14.396 1.547 -1.219 -0.035 0.323 0.010 13.757 3.657
14.412 1.534 -1.219 -0.025 0.322 0.010 13.772 3.662
14.427 1.522 -1.219 -0.016 0.320 0.010 13.786 3.666
14.442 1.510 -1.219 -0.007 0.319 0.010 13.800 3.671
14.457 1.498 -1.219 0.002 0.317 0.010 13.815 3.676
14.472 1.486 -1.219 0.011 0.316 0.010 13.829 3.680
14.486 1.473 -1.219 0.019 0.314 0.010 13.843 3.685
14.501 1.461 -1.219 0.028 0.313 0.010 13.857 3.689
14.516 1.449 -1.218 0.036 0.312 0.010 13.870 3.694
14.530 1.437 -1.218 0.044 0.310 0.010 13.884 3.698
14.544 1.425 -1.217 0.052 0.309 0.010 13.898 3.703
14.558 1.413 -1.217 0.060 0.308 0.010 13.911 3.707
14.572 1.400 -1.216 0.067 0.307 0.010 13.925 3.711
14.586 1.388 -1.215 0.075 0.305 0.010 13.938 3.715
14.600 1.376 -1.214 0.082 0.304 0.010 13.951 3.719
14.614 1.364 -1.213 0.089 0.303 0.010 13.964 3.724
14.627 1.352 -1.213 0.096 0.302 0.010 13.977 3.728
14.641 1.340 -1.211 0.103 0.301 0.010 13.990 3.732
14.654 1.328 -1.210 0.109 0.299 0.010 14.002 3.735
14.667 1.315 -1.209 0.116 0.298 0.010 14.015 3.739
14.680 1.303 -1.208 0.122 0.297 0.010 14.027 3.743
14.693 1.291 -1.207 0.128 0.296 0.010 14.040 3.747
14.706 1.279 -1.205 0.134 0.295 0.010 14.052 3.751
14.718 1.267 -1.204 0.139 0.294 0.010 14.064 3.754
14.731 1.255 -1.203 0.145 0.293 0.010 14.076 3.758
14.743 1.243 -1.201 0.150 0.292 0.010 14.088 3.762
14.756 1.231 -1.200 0.156 0.291 0.010 14.100 3.765
14.768 1.219 -1.198 0.161 0.290 0.010 14.111 3.769
14.780 1.207 -1.196 0.166 0.289 0.010 14.123 3.772
14.792 1.195 -1.195 0.170 0.288 0.010 14.134 3.775
14.804 1.183 -1.193 0.175 0.288 0.010 14.146 3.779
14.815 1.171 -1.191 0.180 0.287 0.010 14.157 3.782
14.827 1.160 -1.189 0.184 0.286 0.010 14.168 3.785
14.838 1.148 -1.187 0.188 0.285 0.010 14.179 3.789
14.850 1.136 -1.185 0.192 0.284 0.010 14.190 3.792
14.861 1.124 -1.183 0.196 0.283 0.010 14.201 3.795
14.872 1.112 -1.181 0.200 0.283 0.010 14.212 3.798
14.883 1.100 -1.179 0.203 0.282 0.010 14.222 3.801
14.894 1.089 -1.177 0.206 0.281 0.010 14.233 3.804
14.905 1.077 -1.175 0.210 0.281 0.010 14.243 3.807
14.916 1.065 -1.173 0.213 0.280 0.010 14.253 3.810
14.926 1.053 -1.171 0.216 0.279 0.010 14.263 3.813
14.936 1.042 -1.169 0.219 0.279 0.010 14.273 3.816
14.947 1.030 -1.167 0.221 0.278 0.010 14.283 3.819
14.957 1.018 -1.164 0.224 0.277 0.010 14.293 3.822
14.967 1.007 -1.162 0.226 0.277 0.010 14.303 3.824
14.977 0.995 -1.160 0.229 0.276 0.010 14.312 3.827
14.987 0.984 -1.157 0.231 0.276 0.010 14.322 3.830
14.997 0.972 -1.155 0.233 0.275 0.010 14.331 3.832
15.006 0.961 -1.153 0.235 0.274 0.010 14.340 3.835
15.016 0.949 -1.150 0.236 0.274 0.010 14.349 3.837
15.025 0.938 -1.148 0.238 0.273 0.010 14.358 3.840
15.034 0.926 -1.146 0.239 0.273 0.010 14.367 3.843
15.043 0.915 -1.143 0.241 0.272 0.010 14.376 3.845
15.052 0.903 -1.141 0.242 0.272 0.010 14.385 3.847
15.061 0.892 -1.138 0.243 0.272 0.010 14.393 3.850
15.070 0.881 -1.136 0.244 0.271 0.010 14.402 3.852
15.079 0.869 -1.133 0.245 0.271 0.010 14.410 3.854
15.087 0.858 -1.131 0.246 0.270 0.010 14.419 3.857
15.096 0.847 -1.129 0.246 0.270 0.010 14.427 3.859
15.104 0.835 -1.126 0.247 0.270 0.010 14.435 3.861
15.113 0.824 -1.124 0.247 0.269 0.010 14.443 3.863
15.121 0.813 -1.121 0.247 0.269 0.010 14.451 3.866
15.129 0.802 -1.119 0.247 0.268 0.010 14.458 3.868
15.137 0.791 -1.116 0.247 0.268 0.010 14.466 3.870
15.144 0.779 -1.114 0.247 0.268 0.010 14.473 3.872
15.152 0.768 -1.111 0.247 0.268 0.010 14.481 3.874
15.160 0.757 -1.109 0.247 0.267 0.010 14.488 3.876
15.167 0.746 -1.106 0.246 0.267 0.010 14.495 3.878
15.174 0.735 -1.104 0.246 0.267 0.010 14.502 3.880
15.182 0.724 -1.101 0.245 0.266 0.010 14.509 3.882
15.189 0.713 -1.099 0.244 0.266 0.010 14.516 3.884
15.196 0.702 -1.097 0.244 0.266 0.010 14.523 3.885
15.203 0.691 -1.094 0.243 0.266 0.010 14.530 3.887
15.210 0.680 -1.092 0.241 0.265 0.010 14.536 3.889
15.216 0.669 -1.089 0.240 0.265 0.010 14.543 3.891
15.223 0.659 -1.087 0.239 0.265 0.010 14.549 3.893
15.229 0.648 -1.085 0.238 0.265 0.010 14.555 3.894
15.236 0.637 -1.082 0.236 0.265 0.010 14.562 3.896
15.242 0.626 -1.080 0.235 0.264 0.010 14.568 3.898
15.248 0.615 -1.077 0.233 0.264 0.010 14.574 3.899
15.254 0.605 -1.075 0.231 0.264 0.010 14.579 3.901
15.260 0.594 -1.073 0.229 0.264 0.010 14.585 3.902
15.266 0.583 -1.071 0.227 0.264 0.010 14.591 3.904
15.272 0.572 -1.068 0.225 0.264 0.010 14.596 3.905
15.277 0.562 -1.066 0.223 0.264 0.010 14.602 3.907
15.283 0.551 -1.064 0.221 0.263 0.010 14.607 3.908
15.288 0.541 -1.062 0.218 0.263 0.010 14.612 3.910
15.293 0.530 -1.060 0.216 0.263 0.010 14.617 3.911
15.299 0.519 -1.057 0.214 0.263 0.010 14.622 3.912
15.304 0.509 -1.055 0.211 0.263 0.010 14.627 3.914
15.309 0.498 -1.053 0.208 0.263 0.010 14.632 3.915
15.314 0.488 -1.051 0.206 0.263 0.010 14.637 3.916
15.318 0.477 -1.049 0.203 0.263 0.010 14.641 3.917
15.323 0.467 -1.047 0.200 0.263 0.010 14.646 3.919
15.328 0.456 -1.045 0.197 0.263 0.010 14.650 3.920
15.332 0.446 -1.043 0.194 0.263 0.010 14.655 3.921
15.336 0.436 -1.041 0.191 0.262 0.010 14.659 3.922
15.341 0.425 -1.039 0.187 0.262 0.010 14.663 3.923
15.345 0.415 -1.038 0.184 0.262 0.010 14.667 3.924
15.349 0.404 -1.036 0.181 0.262 0.010 14.671 3.925
15.353 0.394 -1.034 0.177 0.262 0.010 14.675 3.926
15.357 0.384 -1.032 0.174 0.262 0.010 14.678 3.927
15.360 0.373 -1.031 0.170 0.262 0.010 14.682 3.928
15.364 0.363 -1.029 0.166 0.262 0.010 14.685 3.929
15.368 0.353 -1.027 0.163 0.262 0.010 14.689 3.930
15.371 0.343 -1.026 0.159 0.262 0.010 14.692 3.931
15.374 0.332 -1.024 0.155 0.262 0.010 14.695 3.932
15.377 0.322 -1.023 0.151 0.262 0.010 14.699 3.933
15.381 0.312 -1.021 0.147 0.262 0.010 14.702 3.934
15.384 0.302 -1.020 0.143 0.262 0.010 14.704 3.934
15.387 0.292 -1.018 0.139 0.262 0.010 14.707 3.935
15.389 0.281 -1.017 0.135 0.262 0.010 14.710 3.936
15.392 0.271 -1.016 0.131 0.262 0.010 14.713 3.937
15.395 0.261 -1.014 0.127 0.262 0.010 14.715 3.937
15.397 0.251 -1.013 0.122 0.262 0.010 14.718 3.938
15.400 0.241 -1.012 0.118 0.262 0.010 14.720 3.939
15.402 0.231 -1.011 0.114 0.262 0.010 14.722 3.939
15.404 0.221 -1.010 0.109 0.262 0.010 14.724 3.940
15.406 0.211 -1.009 0.105 0.262 0.010 14.726 3.940
15.408 0.200 -1.008 0.100 0.262 0.010 14.728 3.941
15.410 0.190 -1.007 0.096 0.262 0.010 14.730 3.941
15.412 0.180 -1.006 0.091 0.262 0.010 14.732 3.942
15.414 0.170 -1.005 0.087 0.262 0.010 14.733 3.942
15.415 0.160 -1.004 0.082 0.262 0.010 14.735 3.943
15.417 0.150 -1.003 0.077 0.262 0.010 14.736 3.943
15.418 0.140 -1.003 0.073 0.262 0.010 14.738 3.943
15.419 0.130 -1.002 0.068 0.262 0.010 14.739 3.944
15.421 0.120 -1.001 0.063 0.262 0.010 14.740 3.944
15.422 0.110 -1.001 0.059 0.262 0.010 14.741 3.944
15.423 0.100 -1.000 0.054 0.262 0.010 14.742 3.945
15.424 0.090 -1.000 0.049 0.262 0.010 14.743 3.945
15.424 0.080 -0.999 0.044 0.262 0.010 14.744 3.945
15.425 0.070 -0.999 0.039 0.262 0.010 14.745 3.945
15.426 0.060 -0.999 0.034 0.262 0.010 14.745 3.945
15.426 0.050 -0.998 0.030 0.262 0.010 14.746 3.945
15.427 0.040 -0.998 0.025 0.262 0.010 14.746 3.946
15.427 0.030 -0.998 0.020 0.262 0.010 14.746 3.946
15.427 0.020 -0.998 0.015 0.262 0.010 14.746 3.946
15.427 0.010 -0.998 0.010 0.262 0.010 14.747 3.946
15.427 0.003 -0.755 24.282 0.262 0.010 14.747 3.946
15.427 0.000 -0.263 49.217 0.262 0.010 14.747 3.946
15.427 0.000 -0.007 25.600 0.262 0.010 14.747 3.946
0.000 0.005 0.499 49.877 0.000 0.010 0.000 -0.979
0.000 0.010 0.499 0.000 0.000 0.010 0.000 -0.979
0.000 0.020 0.998 49.877 0.000 0.010 0.000 -0.979
0.001 0.030 0.998 -0.000 0.000 0.010 0.001 -0.979
0.001 0.040 0.998 -0.000 0.000 0.010 0.001 -0.979
0.002 0.050 0.998 0.000 0.000 0.010 0.002 -0.979
0.002 0.060 0.998 -0.000 0.000 0.010 0.002 -0.979
0.003 0.070 0.998 -0.000 0.000 0.010 0.003 -0.979
0.004 0.080 0.998 0.000 0.000 0.010 0.004 -0.979
0.005 0.090 0.998 -0.000 0.000 0.010 0.005 -0.979
0.006 0.100 0.998 0.000 0.000 0.010 0.006 -0.979
0.007 0.110 0.998 -0.000 0.000 0.010 0.007 -0.979
0.008 0.120 0.998 0.000 0.000 0.010 0.008 -0.979
0.009 0.130 0.998 0.000 0.000 0.010 0.009 -0.979
0.010 0.140 0.998 0.000 0.000 0.010 0.010 -0.979
0.012 0.150 0.998 -0.000 0.000 0.010 0.012 -0.979
0.014 0.160 0.998 0.000 0.000 0.010 0.014 -0.979
0.015 0.170 0.998 -0.000 0.000 0.010 0.015 -0.979
0.017 0.180 0.998 -0.000 0.000 0.010 0.017 -0.979
0.019 0.190 0.998 0.000 0.000 0.010 0.019 -0.979
0.021 0.200 0.998 -0.000 0.000 0.010 0.021 -0.979
0.023 0.209 0.998 -0.000 0.000 0.010 0.023 -0.979
0.025 0.219 0.998 0.000 0.000 0.010 0.025 -0.979
0.028 0.229 0.998 0.000 0.000 0.010 0.028 -0.979
0.030 0.239 0.998 0.000 0.000 0.010 0.030 -0.979
0.032 0.249 0.998 -0.000 0.000 0.010 0.032 -0.979
0.035 0.259 0.998 -0.000 0.000 0.010 0.035 -0.979
0.038 0.269 0.998 0.000 0.000 0.010 0.038 -0.979
0.041 0.279 0.998 -0.000 0.000 0.010 0.041 -0.979
0.043 0.289 0.998 0.000 0.000 0.010 0.043 -0.979
0.046 0.299 0.998 -0.000 0.000 0.010 0.046 -0.979
0.050 0.309 0.998 -0.000 0.000 0.010 0.050 -0.979
0.053 0.319 0.998 0.000 0.000 0.010 0.053 -0.979
0.056 0.329 0.998 0.000 0.000 0.010 0.056 -0.979
0.059 0.339 0.998 -0.000 0.000 0.010 0.059 -0.979
0.063 0.349 0.998 0.000 0.000 0.010 0.063 -0.979
0.066 0.359 0.998 -0.000 0.000 0.010 0.066 -0.979
0.070 0.369 0.998 0.000 0.000 0.010 0.070 -0.979
0.074 0.379 0.998 -0.000 0.000 0.010 0.074 -0.979
0.078 0.389 0.998 0.000 0.000 0.010 0.078 -0.979
0.082 0.399 0.998 -0.000 0.000 0.010 0.082 -0.979
0.086 0.409 0.998 -0.000 0.000 0.010 0.086 -0.979
0.090 0.419 0.998 0.000 0.000 0.010 0.090 -0.979
0.094 0.429 0.998 -0.000 0.000 0.010 0.094 -0.979
0.099 0.439 0.998 0.000 0.000 0.010 0.099 -0.979
0.103 0.449 0.998 -0.000 0.000 0.010 0.103 -0.979
0.108 0.459 0.998 0.000 0.000 0.010 0.108 -0.979
0.113 0.469 0.998 -0.000 0.000 0.010 0.113 -0.979
0.117 0.479 0.998 0.000 0.000 0.010 0.117 -0.979
0.122 0.489 0.998 0.000 0.000 0.010 0.122 -0.979
0.127 0.499 0.998 -0.000 0.000 0.010 0.127 -0.979
0.132 0.509 0.998 0.000 0.000 0.010 0.132 -0.979
0.137 0.519 0.998 0.000 0.000 0.010 0.137 -0.979
0.143 0.529 0.998 -0.000 0.000 0.010 0.143 -0.979
0.148 0.539 0.998 0.000 0.000 0.010 0.148 -0.979
0.154 0.549 0.998 -0.000 0.000 0.010 0.154 -0.979
0.159 0.559 0.998 0.000 0.000 0.010 0.159 -0.979
0.165 0.569 0.998 -0.000 0.000 0.010 0.165 -0.979
0.171 0.579 0.998 -0.000 0.000 0.010 0.171 -0.979
0.177 0.589 0.998 0.000 0.000 0.010 0.177 -0.979
0.183 0.599 0.998 -0.000 0.000 0.010 0.183 -0.979
0.189 0.609 0.998 0.000 0.000 0.010 0.189 -0.979
0.195 0.618 0.998 0.000 0.000 0.010 0.195 -0.979
0.201 0.628 0.998 0.000 0.000 0.010 0.201 -0.979
0.208 0.638 0.998 -0.000 0.000 0.010 0.208 -0.979
0.214 0.648 0.998 0.000 0.000 0.010 0.214 -0.979
0.221 0.658 0.998 -0.000 0.000 0.010 0.221 -0.979
0.227 0.668 0.998 -0.000 0.000 0.010 0.227 -0.979
0.234 0.678 0.998 0.000 0.000 0.010 0.234 -0.979
0.241 0.688 0.998 0.000 0.000 0.010 0.241 -0.979
0.248 0.698 0.998 -0.000 0.000 0.010 0.248 -0.979
0.255 0.708 0.998 0.000 0.000 0.010 0.255 -0.979
0.262 0.718 0.998 -0.000 0.000 0.010 0.262 -0.979
0.269 0.728 0.998 0.000 0.000 0.010 0.269 -0.979
0.277 0.738 0.998 0.000 0.000 0.010 0.277 -0.979
0.284 0.748 0.998 -0.000 0.000 0.010 0.284 -0.979
0.292 0.758 0.998 0.000 0.000 0.010 0.292 -0.979
0.300 0.768 0.998 0.000 0.000 0.010 0.300 -0.979
0.307 0.778 0.998 -0.000 0.000 0.010 0.307 -0.979
0.315 0.788 0.998 0.000 0.000 0.010 0.315 -0.979
0.323 0.798 0.998 -0.000 0.000 0.010 0.323 -0.979
0.331 0.808 0.998 0.000 0.000 0.010 0.331 -0.979
0.339 0.818 0.998 0.000 0.000 0.010 0.339 -0.979
0.348 0.828 0.998 -0.000 0.000 0.010 0.348 -0.979
0.356 0.838 0.998 0.000 0.000 0.010 0.356 -0.979
0.365 0.848 0.998 0.000 0.000 0.010 0.365 -0.979
0.373 0.858 0.998 -0.000 0.000 0.010 0.373 -0.979
0.382 0.868 0.998 0.000 0.000 0.010 0.382 -0.979
0.391 0.878 0.998 -0.000 0.000 0.010 0.391 -0.979
0.400 0.888 0.998 0.000 0.000 0.010 0.400 -0.979
0.409 0.898 0.998 -0.000 0.000 0.010 0.409 -0.979
0.418 0.908 0.998 -0.000 0.000 0.010 0.418 -0.979
0.427 0.918 0.998 0.000 0.000 0.010 0.427 -0.979
0.436 0.928 0.998 -0.000 0.000 0.010 0.436 -0.979
0.445 0.938 0.998 0.000 0.000 0.010 0.445 -0.979
0.455 0.948 0.998 -0.000 0.000 0.010 0.455 -0.979
0.464 0.958 0.998 -0.000 0.000 0.010 0.464 -0.979
0.474 0.968 0.998 0.000 0.000 0.010 0.474 -0.979
0.484 0.978 0.998 -0.000 0.000 0.010 0.484 -0.979
0.494 0.988 0.998 0.000 0.000 0.010 0.494 -0.979
0.504 0.998 0.998 -0.000 0.000 0.010 0.504 -0.979
0.514 1.008 0.998 0.000 0.000 0.010 0.514 -0.979
0.524 1.017 0.998 0.000 0.000 0.010 0.524 -0.979
0.534 1.027 0.998 -0.000 0.000 0.010 0.534 -0.979
0.545 1.037 0.998 0.000 0.000 0.010 0.545 -0.979
0.555 1.047 0.998 -0.000 0.000 0.010 0.555 -0.979
0.566 1.057 0.998 0.000 0.000 0.010 0.566 -0.979
0.576 1.067 0.998 0.000 0.000 0.010 0.576 -0.979
0.587 1.077 0.998 -0.000 0.000 0.010 0.587 -0.979
0.598 1.087 0.998 0.000 0.000 0.010 0.598 -0.979
0.609 1.097 0.998 0.000 0.000 0.010 0.609 -0.979
0.620 1.107 0.998 -0.000 0.000 0.010 0.620 -0.979
0.631 1.117 0.998 0.000 0.000 0.010 0.631 -0.979
0.643 1.127 0.998 0.000 0.000 0.010 0.643 -0.979
0.654 1.137 0.998 -0.000 0.000 0.010 0.654 -0.979
0.665 1.147 0.998 0.000 0.000 0.010 0.665 -0.979
0.677 1.157 0.998 -0.000 0.000 0.010 0.677 -0.979
0.689 1.167 0.998 0.000 0.000 0.010 0.689 -0.979
0.700 1.177 0.998 0.000 0.000 0.010 0.700 -0.979
0.712 1.187 0.998 -0.000 0.000 0.010 0.712 -0.979
0.724 1.197 0.998 0.000 0.000 0.010 0.724 -0.979
0.736 1.207 0.998 -0.000 0.000 0.010 0.736 -0.979
0.748 1.217 0.998 0.000 0.000 0.010 0.748 -0.979
0.761 1.227 0.998 0.000 0.000 0.010 0.761 -0.979
0.773 1.237 0.998 0.000 0.000 0.010 0.773 -0.979
0.786 1.247 0.998 -0.000 0.000 0.010 0.786 -0.979
0.798 1.257 0.998 0.000 0.000 0.010 0.798 -0.979
0.811 1.267 0.998 -0.000 0.000 0.010 0.811 -0.979
0.824 1.277 0.998 0.000 0.000 0.010 0.824 -0.979
0.836 1.287 0.998 -0.000 0.000 0.010 0.836 -0.979
0.849 1.297 0.998 0.000 0.000 0.010 0.849 -0.979
0.862 1.307 0.998 -0.000 0.000 0.010 0.862 -0.979
0.876 1.317 0.998 -0.000 0.000 0.010 0.876 -0.979
0.889 1.327 0.998 -0.000 0.000 0.010 0.889 -0.979
0.902 1.337 0.998 0.000 0.000 0.010 0.902 -0.979
0.916 1.347 0.998 0.000 0.000 0.010 0.916 -0.979
0.929 1.357 0.998 -0.000 0.000 0.010 0.929 -0.979
0.943 1.367 0.998 0.000 0.000 0.010 0.943 -0.979
0.957 1.377 0.998 -0.000 0.000 0.010 0.957 -0.979
0.971 1.387 0.998 -0.000 0.000 0.010 0.971 -0.979
0.985 1.397 0.998 0.000 0.000 0.010 0.985 -0.979
0.999 1.407 0.998 -0.000 0.000 0.010 0.999 -0.979
1.013 1.417 0.998 0.000 0.000 0.010 1.013 -0.979
1.027 1.426 0.998 -0.000 0.000 0.010 1.027 -0.979
1.041 1.436 0.998 0.000 0.000 0.010 1.041 -0.979
1.056 1.446 0.998 -0.000 0.000 0.010 1.056 -0.979
1.070 1.456 0.998 -0.000 0.000 0.010 1.070 -0.979
1.085 1.466 0.998 0.000 0.000 0.010 1.085 -0.979
1.100 1.476 0.998 -0.000 0.000 0.010 1.100 -0.979
1.115 1.486 0.998 0.000 0.000 0.010 1.115 -0.979
1.130 1.496 0.998 -0.000 0.000 0.010 1.130 -0.979
1.145 1.506 0.998 0.000 0.000 0.010 1.145 -0.979
1.160 1.516 0.998 -0.000 0.000 0.010 1.160 -0.979
1.175 1.526 0.998 0.000 0.000 0.010 1.175 -0.979
1.191 1.536 0.998 0.000 0.000 0.010 1.191 -0.979
1.206 1.546 0.998 0.000 0.000 0.010 1.206 -0.979
1.222 1.556 0.998 -0.000 0.000 0.010 1.222 -0.979
1.237 1.566 0.998 0.000 0.000 0.010 1.237 -0.979
1.253 1.576 0.998 0.000 0.000 0.010 1.253 -0.979
1.269 1.586 0.998 0.000 0.000 0.010 1.269 -0.979
1.285 1.596 0.998 -0.000 0.000 0.010 1.285 -0.979
1.301 1.606 0.998 0.000 0.000 0.010 1.301 -0.979
1.317 1.616 0.998 0.000 0.000 0.010 1.317 -0.979
1.333 1.626 0.998 0.000 0.000 0.010 1.333 -0.979
1.350 1.636 0.998 -0.000 0.000 0.010 1.350 -0.979
1.366 1.646 0.998 0.000 0.000 0.010 1.366 -0.979
1.383 1.656 0.998 -0.000 0.000 0.010 1.383 -0.979
1.399 1.666 0.998 0.000 0.000 0.010 1.399 -0.979
1.416 1.676 0.998 0.000 0.000 0.010 1.416 -0.979
1.433 1.686 0.998 -0.000 0.000 0.010 1.433 -0.979
1.450 1.696 0.998 -0.000 0.000 0.010 1.450 -0.979
1.467 1.706 0.998 0.000 0.000 0.010 1.467 -0.979
1.484 1.716 0.998 0.000 0.000 0.010 1.484 -0.979
1.501 1.726 0.998 -0.000 0.000 0.010 1.501 -0.979
1.519 1.736 0.998 0.000 0.000 0.010 1.519 -0.979
1.536 1.746 0.998 0.000 0.000 0.010 1.536 -0.979
1.554 1.756 0.998 -0.000 0.000 0.010 1.554 -0.979
1.571 1.766 0.998 0.000 0.000 0.010 1.571 -0.979
1.589 1.776 0.998 -0.000 0.000 0.010 1.589 -0.979
1.607 1.786 0.998 0.000 0.000 0.010 1.607 -0.979
1.625 1.796 0.998 0.000 0.000 0.010 1.625 -0.979
1.643 1.806 0.998 -0.000 0.000 0.010 1.643 -0.979
1.661 1.816 0.998 0.000 0.000 0.010 1.661 -0.979
1.679 1.826 0.998 -0.000 0.000 0.010 1.679 -0.979
1.698 1.835 0.998 -0.000 0.000 0.010 1.698 -0.979
1.716 1.845 0.998 0.000 0.000 0.010 1.716 -0.979
1.735 1.855 0.998 -0.000 0.000 0.010 1.735 -0.979
1.754 1.865 0.998 0.000 0.000 0.010 1.754 -0.979
1.772 1.875 0.998 -0.000 0.000 0.010 1.772 -0.979
1.791 1.885 0.998 -0.000 0.000 0.010 1.791 -0.979
1.810 1.895 0.998 0.000 0.000 0.010 1.810 -0.979
1.829 1.905 0.998 0.000 0.000 0.010 1.829 -0.979
1.848 1.915 0.998 -0.000 0.000 0.010 1.848 -0.979
1.868 1.925 0.998 0.000 0.000 0.010 1.868 -0.979
1.887 1.935 0.998 -0.000 0.000 0.010 1.887 -0.979
1.906 1.945 0.998 0.000 0.000 0.010 1.906 -0.979
1.926 1.955 0.998 -0.000 0.000 0.010 1.926 -0.979
1.946 1.965 0.998 0.000 0.000 0.010 1.946 -0.979
1.965 1.975 0.998 -0.000 0.000 0.010 1.965 -0.979
1.985 1.985 0.998 0.000 0.000 0.010 1.985 -0.979
2.005 1.995 0.998 -0.000 0.000 0.010 2.005 -0.979
2.025 2.005 0.998 0.000 0.000 0.010 2.025 -0.979
2.045 2.015 0.998 0.000 0.000 0.010 2.045 -0.979
2.066 2.025 0.998 0.000 0.000 0.010 2.066 -0.979
2.086 2.035 0.998 -0.000 0.000 0.010 2.086 -0.979
2.106 2.045 0.998 0.000 0.000 0.010 2.106 -0.979
2.127 2.055 0.998 -0.000 0.000 0.010 2.127 -0.979
2.148 2.065 0.998 0.000 0.000 0.010 2.148 -0.979
2.168 2.075 0.998 0.000 0.000 0.010 2.168 -0.979
2.189 2.085 0.998 -0.000 0.000 0.010 2.189 -0.979
2.210 2.095 0.998 0.000 0.000 0.010 2.210 -0.979
2.231 2.105 0.998 0.000 0.000 0.010 2.231 -0.979
2.252 2.115 0.998 -0.000 0.000 0.010 2.252 -0.979
2.274 2.125 0.998 0.000 0.000 0.010 2.274 -0.979
2.295 2.135 0.998 0.000 0.000 0.010 2.295 -0.979
2.316 2.145 0.998 -0.000 0.000 0.010 2.316 -0.979
2.338 2.155 0.998 0.000 0.000 0.010 2.338 -0.979
2.360 2.165 0.998 -0.000 0.000 0.010 2.360 -0.979
2.381 2.175 0.998 0.000 0.000 0.010 2.381 -0.979
2.403 2.185 0.998 0.000 0.000 0.010 2.403 -0.979
2.425 2.195 0.998 -0.000 0.000 0.010 2.425 -0.979
2.447 2.205 0.998 0.000 0.000 0.010 2.447 -0.979
2.469 2.215 0.998 0.000 0.000 0.010 2.469 -0.979
2.491 2.225 0.998 -0.000 0.000 0.010 2.491 -0.979
2.514 2.234 0.998 0.000 0.000 0.010 2.514 -0.979
2.536 2.244 0.998 -0.000 0.000 0.010 2.536 -0.979
2.559 2.254 0.998 0.000 0.000 0.010 2.559 -0.979
2.581 2.264 0.998 -0.000 0.000 0.010 2.581 -0.979
2.604 2.274 0.998 0.000 0.000 0.010 2.604 -0.979
2.627 2.284 0.998 0.000 0.000 0.010 2.627 -0.979
2.650 2.294 0.998 -0.000 0.000 0.010 2.650 -0.979
2.673 2.304 0.998 0.000 0.000 0.010 2.673 -0.979
2.696 2.314 0.998 0.000 0.000 0.010 2.696 -0.979
2.719 2.324 0.998 0.000 0.000 0.010 2.719 -0.979
2.743 2.334 0.998 -0.000 0.000 0.010 2.743 -0.979
2.766 2.344 0.998 0.000 0.000 0.010 2.766 -0.979
2.790 2.354 0.998 0.000 0.000 0.010 2.790 -0.979
2.813 2.364 0.998 -0.000 0.000 0.010 2.813 -0.979
2.837 2.374 0.998 0.000 0.000 0.010 2.837 -0.979
2.861 2.384 0.998 -0.000 0.000 0.010 2.861 -0.979
2.885 2.394 0.998 0.000 0.000 0.010 2.885 -0.979
2.909 2.404 0.998 -0.000 0.000 0.010 2.909 -0.979
2.933 2.414 0.998 0.000 0.000 0.010 2.933 -0.979
2.957 2.424 0.998 0.000 0.000 0.010 2.957 -0.979
2.982 2.434 0.998 -0.000 0.000 0.010 2.982 -0.979
3.006 2.444 0.998 0.000 0.000 0.010 3.006 -0.979
3.031 2.454 0.998 -0.000 0.000 0.010 3.031 -0.979
3.055 2.464 0.998 -0.000 0.000 0.010 3.055 -0.979
3.080 2.474 0.998 0.000 0.000 0.010 3.080 -0.979
3.105 2.484 0.998 -0.000 0.000 0.010 3.105 -0.979
3.130 2.494 0.998 0.000 0.000 0.010 3.130 -0.979
3.155 2.504 0.998 -0.000 0.000 0.010 3.155 -0.979
3.180 2.514 0.998 0.000 0.000 0.010 3.180 -0.979
3.205 2.524 0.998 -0.000 0.000 0.010 3.205 -0.979
3.231 2.534 0.998 0.000 0.000 0.010 3.231 -0.979
3.256 2.544 0.998 -0.000 0.000 0.010 3.256 -0.979
3.282 2.554 0.998 0.000 0.000 0.010 3.282 -0.979
3.307 2.564 0.998 0.000 0.000 0.010 3.307 -0.979
3.333 2.574 0.998 -0.000 0.000 0.010 3.333 -0.979
3.359 2.584 0.998 0.000 0.000 0.010 3.359 -0.979
3.385 2.594 0.998 0.000 0.000 0.010 3.385 -0.979
3.411 2.604 0.998 0.000 0.000 0.010 3.411 -0.979
3.437 2.614 0.998 -0.000 0.000 0.010 3.437 -0.979
3.463 2.624 0.998 0.000 0.000 0.010 3.463 -0.979
3.489 2.634 0.998 0.000 0.000 0.010 3.489 -0.979
3.516 2.643 0.998 0.000 0.000 0.010 3.516 -0.979
3.542 2.653 0.998 -0.000 0.000 0.010 3.542 -0.979
3.569 2.663 0.998 -0.000 0.000 0.010 3.569 -0.979
3.596 2.673 0.998 -0.000 0.000 0.010 3.596 -0.979
3.623 2.683 0.998 0.000 0.000 0.010 3.623 -0.979
3.650 2.693 0.998 -0.000 0.000 0.010 3.650 -0.979
3.677 2.703 0.998 -0.000 0.000 0.010 3.677 -0.979
3.704 2.713 0.998 0.000 0.000 0.010 3.704 -0.979
3.731 2.723 0.998 -0.000 0.000 0.010 3.731 -0.979
3.758 2.733 0.998 -0.000 0.000 0.010 3.758 -0.979
3.786 2.743 0.998 -0.000 0.000 0.010 3.786 -0.979
3.813 2.753 0.998 0.000 0.000 0.010 3.813 -0.979
3.841 2.763 0.998 -0.000 0.000 0.010 3.841 -0.979
3.869 2.773 0.998 0.000 0.000 0.010 3.869 -0.979
3.896 2.783 0.998 -0.000 0.000 0.010 3.896 -0.979
3.924 2.793 0.998 0.000 0.000 0.010 3.924 -0.979
3.952 2.803 0.998 0.000 0.000 0.010 3.952 -0.979
3.981 2.813 0.998 -0.000 0.000 0.010 3.981 -0.979
4.009 2.823 0.998 0.000 0.000 0.010 4.009 -0.979
4.037 2.833 0.998 0.000 0.000 0.010 4.037 -0.979
4.066 2.843 0.998 0.000 0.000 0.010 4.066 -0.979
4.094 2.853 0.998 -0.000 0.000 0.010 4.094 -0.979
4.123 2.863 0.998 0.000 0.000 0.010 4.123 -0.979
4.151 2.873 0.998 -0.000 0.000 0.010 4.151 -0.979
4.180 2.883 0.998 0.000 0.000 0.010 4.180 -0.979
4.209 2.893 0.998 -0.000 0.000 0.010 4.209 -0.979
4.238 2.903 0.998 0.000 0.000 0.010 4.238 -0.979
4.267 2.913 0.998 -0.000 0.000 0.010 4.267 -0.979
4.297 2.923 0.998 -0.000 0.000 0.010 4.297 -0.979
4.326 2.933 0.998 0.000 0.000 0.010 4.326 -0.979
4.355 2.943 0.998 -0.000 0.000 0.010 4.355 -0.979
4.385 2.953 0.998 0.000 0.000 0.010 4.385 -0.979
4.414 2.963 0.998 -0.000 0.000 0.010 4.414 -0.979
4.444 2.973 0.998 0.000 0.000 0.010 4.444 -0.979
4.474 2.983 0.998 0.000 0.000 0.010 4.474 -0.979
4.504 2.993 0.998 -0.000 0.000 0.010 4.504 -0.979
4.534 3.003 0.998 0.000 0.000 0.010 4.534 -0.979
4.564 3.013 0.998 0.000 0.000 0.010 4.564 -0.979
4.594 3.023 0.998 -0.000 0.000 0.010 4.594 -0.979
4.625 3.033 0.998 0.000 0.000 0.010 4.625 -0.979
4.655 3.043 0.998 0.000 0.000 0.010 4.655 -0.979
4.686 3.052 0.998 0.000 0.000 0.010 4.686 -0.979
4.716 3.062 0.998 -0.000 0.000 0.010 4.716 -0.979
4.747 3.072 0.998 0.000 0.000 0.010 4.747 -0.979
4.778 3.082 0.998 -0.000 0.000 0.010 4.778 -0.979
4.809 3.092 0.998 0.000 0.000 0.010 4.809 -0.979
4.840 3.102 0.998 -0.000 0.000 0.010 4.840 -0.979
4.871 3.112 0.998 0.000 0.000 0.010 4.871 -0.979
4.902 3.122 0.998 -0.000 0.000 0.010 4.902 -0.979
4.933 3.132 0.998 -0.000 0.000 0.010 4.933 -0.979
4.965 3.142 0.998 0.000 0.000 0.010 4.965 -0.979
4.996 3.152 0.998 -0.000 0.000 0.010 4.996 -0.979
5.028 3.162 0.998 0.000 0.000 0.010 5.028 -0.979
5.060 3.172 0.998 -0.000 0.000 0.010 5.060 -0.979
5.091 3.182 0.998 0.000 0.000 0.010 5.091 -0.979
5.123 3.192 0.998 0.000 0.000 0.010 5.123 -0.979
5.155 3.202 0.998 -0.000 0.000 0.010 5.155 -0.979
5.188 3.212 0.998 0.000 0.000 0.010 5.188 -0.979
5.220 3.222 0.998 0.000 0.000 0.010 5.220 -0.979
5.252 3.232 0.998 0.000 0.000 0.010 5.252 -0.979
5.285 3.242 0.998 -0.000 0.000 0.010 5.285 -0.979
5.317 3.252 0.998 0.000 0.000 0.010 5.317 -0.979
5.350 3.262 0.998 0.000 0.000 0.010 5.350 -0.979
5.382 3.272 0.998 -0.000 0.000 0.010 5.382 -0.979
5.415 3.282 0.998 0.000 0.000 0.010 5.415 -0.979
5.448 3.292 0.998 -0.000 0.000 0.010 5.448 -0.979
5.481 3.302 0.998 0.000 0.000 0.010 5.481 -0.979
5.514 3.312 0.998 -0.000 0.000 0.010 5.514 -0.979
5.547 3.322 0.998 0.000 0.000 0.010 5.547 -0.979
5.581 3.332 0.998 -0.000 0.000 0.010 5.581 -0.979
5.614 3.342 0.998 0.000 0.000 0.010 5.614 -0.979
5.648 3.352 0.998 0.000 0.000 0.010 5.648 -0.979
5.681 3.362 0.998 0.000 0.000 0.010 5.681 -0.979
5.715 3.372 0.998 0.000 0.000 0.010 5.715 -0.979
5.749 3.382 0.998 -0.000 0.000 0.010 5.749 -0.979
5.783 3.392 0.998 0.000 0.000 0.010 5.783 -0.979
5.817 3.402 0.998 0.000 0.000 0.010 5.817 -0.979
5.851 3.412 0.998 -0.000 0.000 0.010 5.851 -0.979
5.885 3.422 0.998 0.000 0.000 0.010 5.885 -0.979
5.919 3.432 0.998 -0.000 0.000 0.010 5.919 -0.979
5.954 3.442 0.998 0.000 0.000 0.010 5.954 -0.979
5.988 3.451 0.998 -0.000 0.000 0.010 5.988 -0.979
6.023 3.461 0.998 0.000 0.000 0.010 6.023 -0.979
6.058 3.471 0.998 0.000 0.000 0.010 6.058 -0.979
6.093 3.481 0.998 -0.000 0.000 0.010 6.093 -0.979
6.127 3.491 0.998 0.000 0.000 0.010 6.127 -0.979
6.162 3.501 0.998 0.000 0.000 0.010 6.162 -0.979
6.198 3.511 0.998 0.000 0.000 0.010 6.198 -0.979
6.233 3.521 0.998 -0.000 0.000 0.010 6.233 -0.979
6.268 3.531 0.998 0.000 0.000 0.010 6.268 -0.979
6.303 3.541 0.998 0.000 0.000 0.010 6.303 -0.979
6.339 3.551 0.998 -0.000 0.000 0.010 6.339 -0.979
6.375 3.561 0.998 0.000 0.000 0.010 6.375 -0.979
6.410 3.571 0.998 0.000 0.000 0.010 6.410 -0.979
6.446 3.581 0.998 0.000 0.000 0.010 6.446 -0.979
6.482 3.591 0.998 -0.000 0.000 0.010 6.482 -0.979
6.518 3.601 0.998 0.000 0.000 0.010 6.518 -0.979
6.554 3.611 0.998 0.000 0.000 0.010 6.554 -0.979
6.590 3.621 0.998 -0.000 0.000 0.010 6.590 -0.979
6.627 3.631 0.998 0.000 0.000 0.010 6.627 -0.979
6.663 3.641 0.998 -0.000 0.000 0.010 6.663 -0.979
6.700 3.651 0.998 0.000 0.000 0.010 6.700 -0.979
6.736 3.661 0.998 -0.000 0.000 0.010 6.736 -0.979
6.773 3.671 0.998 0.000 0.000 0.010 6.773 -0.979
6.810 3.681 0.998 0.000 0.000 0.010 6.810 -0.979
6.847 3.691 0.998 -0.000 0.000 0.010 6.847 -0.979
6.884 3.701 0.998 0.000 0.000 0.010 6.884 -0.979
6.921 3.711 0.998 0.000 0.000 0.010 6.921 -0.979
6.958 3.721 0.998 0.000 0.000 0.010 6.958 -0.979
6.995 3.731 0.998 -0.000 0.000 0.010 6.995 -0.979
7.033 3.749 1.864 86.664 0.000 0.010 7.033 -0.979
7.071 3.782 3.230 136.602 0.000 0.010 7.071 -0.979
7.109 3.814 3.217 -1.357 0.001 0.010 7.109 -0.979
7.147 3.846 3.186 -3.030 0.002 0.010 7.147 -0.979
7.186 3.877 3.157 -2.897 0.003 0.010 7.186 -0.979
7.225 3.909 3.130 -2.776 0.004 0.010 7.225 -0.979
7.264 3.940 3.103 -2.664 0.005 0.010 7.264 -0.979
7.304 3.970 3.077 -2.563 0.007 0.010 7.304 -0.978
7.344 4.001 3.053 -2.473 0.009 0.010 7.344 -0.978
7.384 4.031 3.029 -2.393 0.011 0.010 7.384 -0.978
7.425 4.061 3.005 -2.324 0.013 0.010 7.425 -0.977
7.466 4.091 2.983 -2.265 0.016 0.010 7.466 -0.977
7.507 4.121 2.961 -2.217 0.018 0.010 7.507 -0.976
7.549 4.150 2.939 -2.181 0.021 0.010 7.549 -0.975
7.591 4.179 2.917 -2.155 0.024 0.010 7.590 -0.974
7.633 4.208 2.896 -2.140 0.027 0.010 7.633 -0.973
7.675 4.237 2.875 -2.136 0.031 0.010 7.675 -0.972
7.718 4.266 2.853 -2.143 0.034 0.010 7.718 -0.970
7.761 4.294 2.831 -2.162 0.038 0.010 7.760 -0.969
7.804 4.322 2.810 -2.191 0.042 0.010 7.804 -0.967
7.847 4.350 2.787 -2.232 0.046 0.010 7.847 -0.965
7.891 4.375 2.488 -29.971 0.051 0.010 7.891 -0.963
7.935 4.391 1.635 -85.282 0.055 0.010 7.935 -0.961
7.979 4.399 0.769 -86.526 0.060 0.010 7.979 -0.958
8.023 4.403 0.437 -33.224 0.065 0.010 8.022 -0.955
8.067 4.407 0.382 -5.529 0.070 0.010 8.066 -0.952
8.111 4.410 0.334 -4.782 0.075 0.010 8.110 -0.949
8.155 4.413 0.286 -4.778 0.080 0.010 8.154 -0.946
8.199 4.416 0.239 -4.780 0.086 0.010 8.198 -0.942
8.244 4.417 0.191 -4.788 0.091 0.010 8.242 -0.938
8.288 4.419 0.143 -4.799 0.097 0.010 8.286 -0.934
8.332 4.420 0.094 -4.814 0.102 0.010 8.330 -0.930
8.376 4.420 0.046 -4.832 0.108 0.010 8.374 -0.925
8.420 4.420 -0.002 -4.852 0.114 0.010 8.418 -0.920
8.465 4.420 -0.051 -4.873 0.120 0.010 8.462 -0.915
8.509 4.419 -0.100 -4.895 0.126 0.010 8.506 -0.910
8.553 4.417 -0.149 -4.916 0.132 0.010 8.550 -0.904
8.597 4.415 -0.199 -4.937 0.139 0.010 8.594 -0.898
8.641 4.413 -0.248 -4.956 0.145 0.010 8.637 -0.892
8.685 4.410 -0.298 -4.973 0.151 0.010 8.681 -0.885
8.729 4.406 -0.348 -4.986 0.158 0.010 8.724 -0.878
8.773 4.402 -0.398 -4.997 0.164 0.010 8.768 -0.871
8.817 4.398 -0.448 -5.004 0.171 0.010 8.811 -0.864
8.861 4.393 -0.498 -5.006 0.178 0.010 8.855 -0.856
8.905 4.387 -0.548 -5.003 0.184 0.010 8.898 -0.849
8.949 4.381 -0.598 -4.995 0.191 0.010 8.941 -0.840
8.993 4.375 -0.648 -4.982 0.198 0.010 8.984 -0.832
9.036 4.368 -0.697 -4.962 0.205 0.010 9.026 -0.823
9.080 4.361 -0.747 -4.937 0.212 0.010 9.069 -0.814
9.124 4.353 -0.796 -4.905 0.218 0.010 9.112 -0.805
9.167 4.344 -0.844 -4.866 0.225 0.010 9.154 -0.795
9.210 4.335 -0.893 -4.821 0.232 0.010 9.196 -0.785
9.254 4.326 -0.940 -4.769 0.239 0.010 9.238 -0.775
9.297 4.316 -0.987 -4.711 0.246 0.010 9.280 -0.765
9.340 4.306 -1.034 -4.646 0.253 0.010 9.322 -0.754
9.383 4.295 -1.080 -4.574 0.260 0.010 9.363 -0.744
9.426 4.284 -1.124 -4.496 0.267 0.010 9.405 -0.732
9.468 4.272 -1.169 -4.412 0.273 0.010 9.446 -0.721
9.511 4.260 -1.212 -4.321 0.280 0.010 9.487 -0.709
9.553 4.247 -1.254 -4.226 0.287 0.010 9.528 -0.697
9.596 4.234 -1.295 -4.124 0.294 0.010 9.568 -0.685
9.638 4.221 -1.335 -4.018 0.301 0.010 9.609 -0.673
9.680 4.207 -1.375 -3.907 0.307 0.010 9.649 -0.660
9.722 4.193 -1.412 -3.792 0.314 0.010 9.689 -0.648
9.764 4.179 -1.449 -3.673 0.321 0.010 9.728 -0.635
9.805 4.164 -1.485 -3.550 0.327 0.010 9.768 -0.621
9.847 4.148 -1.519 -3.425 0.334 0.010 9.807 -0.608
9.888 4.133 -1.552 -3.296 0.340 0.010 9.846 -0.594
9.929 4.117 -1.584 -3.166 0.346 0.010 9.885 -0.580
9.970 4.101 -1.614 -3.034 0.353 0.010 9.923 -0.566
10.011 4.085 -1.643 -2.901 0.359 0.010 9.962 -0.552
10.052 4.068 -1.671 -2.767 0.365 0.010 10.000 -0.538
10.092 4.051 -1.697 -2.632 0.371 0.010 10.038 -0.523
10.133 4.034 -1.722 -2.498 0.377 0.010 10.075 -0.508
10.173 4.016 -1.746 -2.363 0.383 0.010 10.112 -0.493
10.213 3.999 -1.768 -2.230 0.389 0.010 10.149 -0.478
10.253 3.981 -1.789 -2.098 0.395 0.010 10.186 -0.463
10.292 3.963 -1.808 -1.967 0.401 0.010 10.223 -0.448
10.332 3.944 -1.827 -1.838 0.406 0.010 10.259 -0.432
10.371 3.926 -1.844 -1.711 0.412 0.010 10.295 -0.417
10.410 3.907 -1.860 -1.586 0.417 0.010 10.331 -0.401
10.449 3.889 -1.874 -1.464 0.423 0.010 10.366 -0.385
10.488 3.870 -1.888 -1.344 0.428 0.010 10.402 -0.369
10.526 3.851 -1.900 -1.227 0.433 0.010 10.437 -0.353
10.564 3.832 -1.911 -1.114 0.438 0.010 10.471 -0.337
10.603 3.812 -1.921 -1.004 0.443 0.010 10.506 -0.321
10.641 3.793 -1.930 -0.897 0.448 0.010 10.540 -0.304
10.678 3.774 -1.938 -0.794 0.453 0.010 10.574 -0.288
10.716 3.754 -1.945 -0.694 0.458 0.010 10.608 -0.271
10.753 3.735 -1.951 -0.598 0.462 0.010 10.641 -0.255
10.790 3.715 -1.956 -0.506 0.467 0.010 10.674 -0.238
10.827 3.695 -1.960 -0.417 0.471 0.010 10.707 -0.221
10.864 3.676 -1.964 -0.332 0.476 0.010 10.740 -0.204
10.901 3.656 -1.966 -0.250 0.480 0.010 10.772 -0.188
10.937 3.637 -1.968 -0.173 0.484 0.010 10.805 -0.171
10.973 3.617 -1.969 -0.099 0.488 0.010 10.837 -0.154
11.009 3.597 -1.969 -0.028 0.492 0.010 10.868 -0.137
11.045 3.577 -1.969 0.039 0.496 0.010 10.900 -0.120
11.080 3.558 -1.968 0.102 0.500 0.010 10.931 -0.103
11.116 3.538 -1.966 0.163 0.503 0.010 10.962 -0.086
11.151 3.518 -1.964 0.219 0.507 0.010 10.993 -0.069
11.186 3.499 -1.961 0.273 0.510 0.010 11.024 -0.052
11.221 3.479 -1.958 0.324 0.514 0.010 11.054 -0.035
11.255 3.460 -1.954 0.371 0.517 0.010 11.084 -0.018
11.290 3.440 -1.950 0.416 0.520 0.010 11.114 -0.001
11.324 3.421 -1.946 0.457 0.523 0.010 11.144 0.016
11.358 3.401 -1.941 0.496 0.526 0.010 11.173 0.033
11.392 3.382 -1.935 0.533 0.529 0.010 11.202 0.050
11.425 3.363 -1.930 0.567 0.532 0.010 11.231 0.067
11.459 3.343 -1.924 0.599 0.534 0.010 11.260 0.084
11.492 3.324 -1.917 0.628 0.537 0.010 11.289 0.101
11.525 3.305 -1.911 0.655 0.539 0.010 11.317 0.118
11.558 3.286 -1.904 0.680 0.542 0.010 11.345 0.135
11.591 3.267 -1.897 0.703 0.544 0.010 11.373 0.152
11.623 3.248 -1.890 0.725 0.546 0.010 11.401 0.169
11.656 3.229 -1.882 0.744 0.548 0.010 11.428 0.186
11.688 3.211 -1.875 0.762 0.550 0.010 11.456 0.202
11.720 3.192 -1.867 0.778 0.552 0.010 11.483 0.219
11.751 3.173 -1.859 0.793 0.554 0.010 11.510 0.236
11.783 3.155 -1.851 0.807 0.556 0.010 11.537 0.252
11.814 3.137 -1.843 0.819 0.557 0.010 11.564 0.269
11.845 3.118 -1.834 0.830 0.559 0.010 11.590 0.285
11.876 3.100 -1.826 0.840 0.561 0.010 11.616 0.302
11.907 3.082 -1.817 0.849 0.562 0.010 11.642 0.318
11.938 3.064 -1.809 0.856 0.563 0.010 11.668 0.335
11.968 3.046 -1.800 0.863 0.565 0.010 11.694 0.351
11.999 3.028 -1.792 0.870 0.566 0.010 11.720 0.367
12.029 3.010 -1.783 0.875 0.567 0.010 11.745 0.383
12.059 2.992 -1.774 0.880 0.568 0.010 11.770 0.399
12.088 2.975 -1.765 0.884 0.569 0.010 11.795 0.415
12.118 2.957 -1.756 0.887 0.570 0.010 11.820 0.431
12.147 2.939 -1.747 0.890 0.570 0.010 11.845 0.447
12.177 2.922 -1.739 0.892 0.571 0.010 11.869 0.463
12.206 2.905 -1.730 0.894 0.572 0.010 11.894 0.479
12.234 2.888 -1.721 0.896 0.572 0.010 11.918 0.494
12.263 2.870 -1.712 0.897 0.573 0.010 11.942 0.510
12.292 2.853 -1.703 0.898 0.573 0.010 11.966 0.525
12.320 2.837 -1.694 0.898 0.574 0.010 11.990 0.541
12.348 2.820 -1.685 0.899 0.574 0.010 12.014 0.556
12.376 2.803 -1.676 0.899 0.574 0.010 12.037 0.571
12.404 2.786 -1.667 0.899 0.574 0.010 12.061 0.586
12.432 2.770 -1.658 0.898 0.574 0.010 12.084 0.601
12.459 2.753 -1.649 0.898 0.574 0.010 12.107 0.616
12.487 2.737 -1.640 0.898 0.574 0.010 12.130 0.631
12.514 2.720 -1.631 0.897 0.574 0.010 12.153 0.646
12.541 2.704 -1.622 0.896 0.574 0.010 12.176 0.661
12.568 2.688 -1.613 0.896 0.574 0.010 12.198 0.675
12.595 2.672 -1.604 0.895 0.573 0.010 12.221 0.690
12.621 2.656 -1.595 0.894 0.573 0.010 12.243 0.704
12.648 2.640 -1.586 0.894 0.572 0.010 12.265 0.719
12.674 2.625 -1.577 0.893 0.572 0.010 12.287 0.733
12.700 2.609 -1.568 0.892 0.571 0.010 12.309 0.747
12.726 2.593 -1.559 0.891 0.571 0.010 12.331 0.761
12.752 2.578 -1.550 0.891 0.570 0.010 12.353 0.775
12.777 2.562 -1.542 0.890 0.569 0.010 12.374 0.789
12.803 2.547 -1.533 0.889 0.569 0.010 12.396 0.802
12.828 2.532 -1.524 0.889 0.568 0.010 12.417 0.816
12.853 2.517 -1.515 0.888 0.567 0.010 12.438 0.829
12.878 2.502 -1.506 0.888 0.566 0.010 12.459 0.843
12.903 2.487 -1.497 0.887 0.565 0.010 12.480 0.856
12.928 2.472 -1.488 0.887 0.564 0.010 12.501 0.869
12.952 2.457 -1.479 0.886 0.563 0.010 12.522 0.883
12.977 2.442 -1.471 0.886 0.562 0.010 12.543 0.896
13.001 2.428 -1.462 0.886 0.560 0.010 12.563 0.908
13.025 2.413 -1.453 0.886 0.559 0.010 12.584 0.921
13.049 2.399 -1.444 0.885 0.558 0.010 12.604 0.934
13.073 2.384 -1.435 0.885 0.557 0.010 12.624 0.947
13.097 2.370 -1.426 0.885 0.555 0.010 12.644 0.959
13.120 2.356 -1.417 0.885 0.554 0.010 12.664 0.972
13.144 2.342 -1.409 0.885 0.552 0.010 12.684 0.984
13.167 2.328 -1.400 0.884 0.551 0.010 12.704 0.996
13.190 2.314 -1.391 0.884 0.549 0.010 12.724 1.008
13.213 2.300 -1.382 0.884 0.548 0.010 12.744 1.020
13.236 2.286 -1.373 0.884 0.546 0.010 12.763 1.032
13.259 2.273 -1.364 0.883 0.544 0.010 12.783 1.044
13.281 2.259 -1.356 0.883 0.543 0.010 12.802 1.055
13.304 2.246 -1.347 0.883 0.541 0.010 12.821 1.067
13.326 2.232 -1.338 0.882 0.539 0.010 12.840 1.079
13.348 2.219 -1.329 0.882 0.537 0.010 12.859 1.090
13.370 2.206 -1.320 0.881 0.536 0.010 12.878 1.101
13.392 2.193 -1.311 0.881 0.534 0.010 12.897 1.112
13.414 2.180 -1.303 0.880 0.532 0.010 12.916 1.123
13.436 2.167 -1.294 0.879 0.530 0.010 12.935 1.134
13.457 2.154 -1.285 0.878 0.528 0.010 12.953 1.145
13.479 2.141 -1.276 0.877 0.526 0.010 12.972 1.156
13.500 2.128 -1.268 0.876 0.524 0.010 12.990 1.167
13.521 2.116 -1.259 0.874 0.522 0.010 13.008 1.177
13.542 2.103 -1.250 0.873 0.520 0.010 13.027 1.188
13.563 2.091 -1.241 0.871 0.518 0.010 13.045 1.198
13.584 2.079 -1.233 0.869 0.516 0.010 13.063 1.208
13.604 2.066 -1.224 0.867 0.514 0.010 13.081 1.219
13.625 2.054 -1.215 0.865 0.512 0.010 13.099 1.229
13.645 2.042 -1.207 0.862 0.509 0.010 13.117 1.239
13.666 2.030 -1.198 0.860 0.507 0.010 13.134 1.248
13.686 2.018 -1.190 0.857 0.505 0.010 13.152 1.258
13.706 2.006 -1.181 0.854 0.503 0.010 13.170 1.268
13.726 1.995 -1.172 0.851 0.500 0.010 13.187 1.278
13.746 1.983 -1.164 0.847 0.498 0.010 13.204 1.287
13.765 1.971 -1.156 0.843 0.496 0.010 13.222 1.296
13.785 1.960 -1.147 0.839 0.494 0.010 13.239 1.306
13.805 1.949 -1.139 0.835 0.491 0.010 13.256 1.315
13.824 1.937 -1.131 0.831 0.489 0.010 13.273 1.324
13.843 1.926 -1.122 0.826 0.487 0.010 13.290 1.333
13.862 1.915 -1.114 0.821 0.484 0.010 13.307 1.342
13.881 1.904 -1.106 0.816 0.482 0.010 13.324 1.351
13.900 1.893 -1.098 0.810 0.480 0.010 13.341 1.360
13.919 1.882 -1.090 0.805 0.477 0.010 13.358 1.368
13.938 1.871 -1.082 0.799 0.475 0.010 13.374 1.377
13.956 1.860 -1.074 0.792 0.472 0.010 13.391 1.385
13.975 1.850 -1.066 0.786 0.470 0.010 13.407 1.394
13.993 1.839 -1.058 0.779 0.468 0.010 13.424 1.402
14.012 1.829 -1.050 0.772 0.465 0.010 13.440 1.410
14.030 1.818 -1.043 0.765 0.463 0.010 13.456 1.418
14.048 1.808 -1.035 0.757 0.460 0.010 13.472 1.426
14.066 1.798 -1.028 0.749 0.458 0.010 13.489 1.434
14.084 1.787 -1.020 0.741 0.455 0.010 13.505 1.442
14.101 1.777 -1.013 0.733 0.453 0.010 13.521 1.450
14.119 1.767 -1.006 0.724 0.451 0.010 13.536 1.458
14.137 1.757 -0.999 0.716 0.448 0.010 13.552 1.465
14.154 1.747 -0.992 0.707 0.446 0.010 13.568 1.473
14.172 1.738 -0.985 0.697 0.443 0.010 13.584 1.481
14.189 1.728 -0.978 0.688 0.441 0.010 13.599 1.488
14.206 1.718 -0.971 0.678 0.438 0.010 13.615 1.495
14.223 1.708 -0.964 0.668 0.436 0.010 13.630 1.502
14.240 1.699 -0.958 0.658 0.434 0.010 13.646 1.510
14.257 1.689 -0.951 0.648 0.431 0.010 13.661 1.517
14.274 1.680 -0.945 0.637 0.429 0.010 13.676 1.524
14.291 1.670 -0.939 0.627 0.426 0.010 13.692 1.531
14.307 1.661 -0.932 0.616 0.424 0.010 13.707 1.537
14.324 1.652 -0.926 0.605 0.422 0.010 13.722 1.544
14.340 1.643 -0.920 0.594 0.419 0.010 13.737 1.551
14.356 1.634 -0.915 0.582 0.417 0.010 13.752 1.558
14.373 1.624 -0.909 0.571 0.415 0.010 13.767 1.564
14.389 1.615 -0.903 0.559 0.412 0.010 13.781 1.571
14.405 1.606 -0.898 0.548 0.410 0.010 13.796 1.577
14.421 1.598 -0.892 0.536 0.407 0.010 13.811 1.583
14.437 1.589 -0.887 0.524 0.405 0.010 13.825 1.590
14.453 1.580 -0.882 0.512 0.403 0.010 13.840 1.596
14.468 1.571 -0.877 0.500 0.401 0.010 13.854 1.602
14.484 1.562 -0.872 0.487 0.398 0.010 13.869 1.608
14.499 1.554 -0.867 0.475 0.396 0.010 13.883 1.614
14.515 1.545 -0.863 0.463 0.394 0.010 13.897 1.620
14.530 1.536 -0.858 0.450 0.392 0.010 13.912 1.626
14.545 1.528 -0.854 0.438 0.389 0.010 13.926 1.632
14.561 1.519 -0.850 0.426 0.387 0.010 13.940 1.638
14.576 1.511 -0.846 0.413 0.385 0.010 13.954 1.643
14.591 1.503 -0.842 0.401 0.383 0.010 13.968 1.649
14.606 1.494 -0.838 0.388 0.381 0.010 13.982 1.654
14.621 1.486 -0.834 0.376 0.378 0.010 13.995 1.660
14.635 1.478 -0.830 0.363 0.376 0.010 14.009 1.665
14.650 1.469 -0.827 0.351 0.374 0.010 14.023 1.671
14.665 1.461 -0.823 0.338 0.372 0.010 14.036 1.676
14.679 1.453 -0.820 0.326 0.370 0.010 14.050 1.681
14.694 1.445 -0.817 0.313 0.368 0.010 14.063 1.687
14.708 1.437 -0.814 0.301 0.366 0.010 14.077 1.692
14.722 1.428 -0.811 0.289 0.364 0.010 14.090 1.697
14.737 1.420 -0.808 0.276 0.362 0.010 14.103 1.702
14.751 1.412 -0.806 0.264 0.360 0.010 14.117 1.707
14.765 1.404 -0.803 0.252 0.358 0.010 14.130 1.712
14.779 1.396 -0.801 0.240 0.356 0.010 14.143 1.717
14.793 1.388 -0.798 0.228 0.354 0.010 14.156 1.721
14.806 1.380 -0.796 0.216 0.352 0.010 14.169 1.726
14.820 1.372 -0.794 0.205 0.350 0.010 14.182 1.731
14.834 1.364 -0.792 0.193 0.348 0.010 14.194 1.736
14.847 1.356 -0.791 0.182 0.347 0.010 14.207 1.740
14.861 1.349 -0.789 0.170 0.345 0.010 14.220 1.745
14.874 1.341 -0.787 0.159 0.343 0.010 14.233 1.749
14.887 1.333 -0.786 0.148 0.341 0.010 14.245 1.754
14.901 1.325 -0.784 0.137 0.339 0.010 14.258 1.758
14.914 1.317 -0.783 0.126 0.338 0.010 14.270 1.763
14.927 1.309 -0.782 0.115 0.336 0.010 14.282 1.767
14.940 1.302 -0.781 0.105 0.334 0.010 14.295 1.771
14.953 1.294 -0.780 0.094 0.333 0.010 14.307 1.775
14.966 1.286 -0.779 0.084 0.331 0.010 14.319 1.780
14.979 1.278 -0.778 0.074 0.329 0.010 14.331 1.784
14.991 1.270 -0.778 0.064 0.328 0.010 14.343 1.788
15.004 1.263 -0.777 0.054 0.326 0.010 14.355 1.792
15.016 1.255 -0.777 0.044 0.325 0.010 14.367 1.796
15.029 1.247 -0.776 0.035 0.323 0.010 14.379 1.800
15.041 1.239 -0.776 0.025 0.322 0.010 14.391 1.804
15.054 1.232 -0.776 0.016 0.320 0.010 14.402 1.808
15.066 1.224 -0.776 0.007 0.319 0.010 14.414 1.812
15.078 1.216 -0.776 -0.002 0.317 0.010 14.425 1.815
15.090 1.208 -0.776 -0.011 0.316 0.010 14.437 1.819
15.102 1.201 -0.776 -0.019 0.314 0.010 14.448 1.823
15.114 1.193 -0.777 -0.028 0.313 0.010 14.460 1.827
15.126 1.185 -0.777 -0.036 0.312 0.010 14.471 1.830
15.138 1.177 -0.777 -0.044 0.310 0.010 14.482 1.834
15.149 1.169 -0.778 -0.052 0.309 0.010 14.493 1.837
15.161 1.162 -0.778 -0.060 0.308 0.010 14.504 1.841
15.173 1.154 -0.779 -0.067 0.307 0.010 14.515 1.844
15.184 1.146 -0.780 -0.075 0.305 0.010 14.526 1.848
15.195 1.138 -0.781 -0.082 0.304 0.010 14.537 1.851
15.207 1.130 -0.782 -0.089 0.303 0.010 14.548 1.855
15.218 1.123 -0.783 -0.096 0.302 0.010 14.559 1.858
15.229 1.115 -0.784 -0.103 0.301 0.010 14.569 1.861
15.240 1.107 -0.785 -0.109 0.299 0.010 14.580 1.864
15.251 1.099 -0.786 -0.116 0.298 0.010 14.590 1.868
15.262 1.091 -0.787 -0.122 0.297 0.010 14.601 1.871
15.273 1.083 -0.788 -0.128 0.296 0.010 14.611 1.874
15.284 1.075 -0.790 -0.134 0.295 0.010 14.621 1.877
15.294 1.068 -0.791 -0.139 0.294 0.010 14.632 1.880
15.305 1.060 -0.793 -0.145 0.293 0.010 14.642 1.883
15.315 1.052 -0.794 -0.150 0.292 0.010 14.652 1.886
15.326 1.044 -0.796 -0.156 0.291 0.010 14.662 1.889
15.336 1.036 -0.797 -0.161 0.290 0.010 14.672 1.892
15.346 1.028 -0.799 -0.166 0.289 0.010 14.682 1.895
15.357 1.020 -0.801 -0.170 0.288 0.010 14.691 1.898
15.367 1.012 -0.802 -0.175 0.288 0.010 14.701 1.901
15.377 1.004 -0.804 -0.180 0.287 0.010 14.711 1.904
15.387 0.996 -0.806 -0.184 0.286 0.010 14.720 1.907
15.397 0.988 -0.808 -0.188 0.285 0.010 14.730 1.910
15.406 0.979 -0.810 -0.192 0.284 0.010 14.739 1.912
15.416 0.971 -0.812 -0.196 0.283 0.010 14.749 1.915
15.426 0.963 -0.814 -0.200 0.283 0.010 14.758 1.918
15.435 0.955 -0.816 -0.203 0.282 0.010 14.767 1.920
15.445 0.947 -0.818 -0.206 0.281 0.010 14.776 1.923
15.454 0.939 -0.820 -0.210 0.281 0.010 14.785 1.926
15.464 0.930 -0.822 -0.213 0.280 0.010 14.794 1.928
15.473 0.922 -0.824 -0.216 0.279 0.010 14.803 1.931
15.482 0.914 -0.826 -0.219 0.279 0.010 14.812 1.933
15.491 0.906 -0.829 -0.221 0.278 0.010 14.820 1.936
15.500 0.897 -0.831 -0.224 0.277 0.010 14.829 1.938
15.509 0.889 -0.833 -0.226 0.277 0.010 14.838 1.941
15.518 0.881 -0.835 -0.229 0.276 0.010 14.846 1.943
15.526 0.872 -0.838 -0.231 0.276 0.010 14.854 1.945
15.535 0.864 -0.840 -0.233 0.275 0.010 14.863 1.948
15.544 0.855 -0.842 -0.235 0.274 0.010 14.871 1.950
15.552 0.847 -0.845 -0.236 0.274 0.010 14.879 1.952
15.560 0.839 -0.847 -0.238 0.273 0.010 14.887 1.955
15.569 0.830 -0.849 -0.239 0.273 0.010 14.895 1.957
15.577 0.822 -0.852 -0.241 0.272 0.010 14.903 1.959
15.585 0.813 -0.854 -0.242 0.272 0.010 14.911 1.961
15.593 0.804 -0.857 -0.243 0.272 0.010 14.919 1.963
15.601 0.796 -0.859 -0.244 0.271 0.010 14.926 1.966
15.609 0.787 -0.862 -0.245 0.271 0.010 14.934 1.968
15.617 0.779 -0.864 -0.246 0.270 0.010 14.941 1.970
15.624 0.770 -0.867 -0.246 0.270 0.010 14.949 1.972
15.632 0.761 -0.869 -0.247 0.270 0.010 14.956 1.974
15.640 0.753 -0.871 -0.247 0.269 0.010 14.963 1.976
15.647 0.744 -0.874 -0.247 0.269 0.010 14.971 1.978
15.654 0.735 -0.876 -0.247 0.268 0.010 14.978 1.980
15.662 0.726 -0.879 -0.247 0.268 0.010 14.985 1.982
15.669 0.717 -0.881 -0.247 0.268 0.010 14.992 1.984
15.676 0.709 -0.884 -0.247 0.268 0.010 14.998 1.985
15.683 0.700 -0.886 -0.247 0.267 0.010 15.005 1.987
15.690 0.691 -0.889 -0.246 0.267 0.010 15.012 1.989
15.697 0.682 -0.891 -0.246 0.267 0.010 15.018 1.991
15.703 0.673 -0.894 -0.245 0.266 0.010 15.025 1.993
15.710 0.664 -0.896 -0.244 0.266 0.010 15.031 1.994
15.716 0.655 -0.899 -0.244 0.266 0.010 15.038 1.996
15.723 0.646 -0.901 -0.243 0.266 0.010 15.044 1.998
15.729 0.637 -0.903 -0.241 0.265 0.010 15.050 2.000
15.736 0.628 -0.906 -0.240 0.265 0.010 15.056 2.001
15.742 0.619 -0.908 -0.239 0.265 0.010 15.062 2.003
15.748 0.610 -0.911 -0.238 0.265 0.010 15.068 2.004
15.754 0.601 -0.913 -0.236 0.265 0.010 15.074 2.006
15.760 0.591 -0.915 -0.235 0.264 0.010 15.079 2.008
15.766 0.582 -0.918 -0.233 0.264 0.010 15.085 2.009
15.771 0.573 -0.920 -0.231 0.264 0.010 15.091 2.011
15.777 0.564 -0.922 -0.229 0.264 0.010 15.096 2.012
15.783 0.555 -0.924 -0.227 0.264 0.010 15.101 2.013
15.788 0.545 -0.927 -0.225 0.264 0.010 15.107 2.015
15.793 0.536 -0.929 -0.223 0.264 0.010 15.112 2.016
15.799 0.527 -0.931 -0.221 0.263 0.010 15.117 2.018
15.804 0.517 -0.933 -0.218 0.263 0.010 15.122 2.019
15.809 0.508 -0.936 -0.216 0.263 0.010 15.127 2.020
15.814 0.499 -0.938 -0.214 0.263 0.010 15.132 2.022
15.819 0.489 -0.940 -0.211 0.263 0.010 15.136 2.023
15.824 0.480 -0.942 -0.208 0.263 0.010 15.141 2.024
15.828 0.470 -0.944 -0.206 0.263 0.010 15.146 2.025
15.833 0.461 -0.946 -0.203 0.263 0.010 15.150 2.027
15.837 0.451 -0.948 -0.200 0.263 0.010 15.154 2.028
15.842 0.442 -0.950 -0.197 0.263 0.010 15.159 2.029
15.846 0.432 -0.952 -0.194 0.263 0.010 15.163 2.030
15.850 0.423 -0.954 -0.191 0.262 0.010 15.167 2.031
15.854 0.413 -0.956 -0.187 0.262 0.010 15.171 2.032
15.859 0.404 -0.957 -0.184 0.262 0.010 15.175 2.033
15.862 0.394 -0.959 -0.181 0.262 0.010 15.179 2.034
15.866 0.385 -0.961 -0.177 0.262 0.010 15.182 2.035
15.870 0.375 -0.963 -0.174 0.262 0.010 15.186 2.036
15.874 0.365 -0.964 -0.170 0.262 0.010 15.189 2.037
15.877 0.356 -0.966 -0.166 0.262 0.010 15.193 2.038
15.881 0.346 -0.968 -0.163 0.262 0.010 15.196 2.039
15.884 0.336 -0.969 -0.159 0.262 0.010 15.199 2.040
15.887 0.327 -0.971 -0.155 0.262 0.010 15.203 2.041
15.891 0.317 -0.972 -0.151 0.262 0.010 15.206 2.042
15.894 0.307 -0.974 -0.147 0.262 0.010 15.209 2.042
15.897 0.297 -0.975 -0.143 0.262 0.010 15.212 2.043
15.899 0.288 -0.977 -0.139 0.262 0.010 15.214 2.044
15.902 0.278 -0.978 -0.135 0.262 0.010 15.217 2.045
15.905 0.268 -0.979 -0.131 0.262 0.010 15.220 2.045
15.907 0.258 -0.981 -0.127 0.262 0.010 15.222 2.046
15.910 0.248 -0.982 -0.122 0.262 0.010 15.224 2.047
15.912 0.239 -0.983 -0.118 0.262 0.010 15.227 2.047
15.915 0.229 -0.984 -0.114 0.262 0.010 15.229 2.048
15.917 0.219 -0.985 -0.109 0.262 0.010 15.231 2.048
15.919 0.209 -0.986 -0.105 0.262 0.010 15.233 2.049
15.921 0.199 -0.987 -0.100 0.262 0.010 15.235 2.049
15.923 0.189 -0.988 -0.096 0.262 0.010 15.237 2.050
15.925 0.179 -0.989 -0.091 0.262 0.010 15.239 2.050
15.926 0.169 -0.990 -0.087 0.262 0.010 15.240 2.051
15.928 0.160 -0.991 -0.082 0.262 0.010 15.242 2.051
15.929 0.150 -0.992 -0.077 0.262 0.010 15.243 2.052
15.931 0.140 -0.992 -0.073 0.262 0.010 15.245 2.052
15.932 0.130 -0.993 -0.068 0.262 0.010 15.246 2.052
15.933 0.120 -0.994 -0.063 0.262 0.010 15.247 2.053
15.934 0.110 -0.994 -0.059 0.262 0.010 15.248 2.053
15.935 0.100 -0.995 -0.054 0.262 0.010 15.249 2.053
15.936 0.090 -0.995 -0.049 0.262 0.010 15.250 2.053
15.937 0.080 -0.996 -0.044 0.262 0.010 15.251 2.054
15.938 0.070 -0.996 -0.039 0.262 0.010 15.251 2.054
15.938 0.060 -0.996 -0.034 0.262 0.010 15.252 2.054
15.939 0.050 -0.997 -0.030 0.262 0.010 15.252 2.054
15.939 0.040 -0.997 -0.025 0.262 0.010 15.253 2.054
15.940 0.030 -0.997 -0.020 0.262 0.010 15.253 2.054
15.940 0.020 -0.997 -0.015 0.262 0.010 15.253 2.054
15.940 0.010 -0.997 -0.010 0.262 0.010 15.253 2.054
15.940 0.003 -0.755 24.272 0.262 0.010 15.253 2.054
15.940 0.000 -0.263 49.215 0.262 0.010 15.253 2.054
15.940 0.000 -0.007 25.600 0.262 0.010 15.253 2.054
