NotStraight
138
0.000 0.004 0.395 39.495 0.000 0.010 0.000 0.979
0.000 0.008 0.395 -0.021 0.000 0.010 0.000 0.979
0.000 0.018 0.986 59.137 0.000 0.010 0.000 0.979
0.001 0.032 1.378 39.164 0.000 0.010 0.001 0.979
0.001 0.049 1.765 38.734 0.000 0.010 0.001 0.979
0.002 0.071 2.145 38.031 0.000 0.010 0.002 0.979
0.003 0.096 2.515 36.991 0.000 0.010 0.003 0.979
0.004 0.125 2.871 35.549 0.000 0.010 0.004 0.979
0.006 0.157 3.207 33.646 0.000 0.010 0.006 0.979
0.007 0.192 3.520 31.225 0.000 0.010 0.007 0.979
0.010 0.230 3.802 28.235 0.000 0.010 0.010 0.979
0.012 0.270 4.048 24.628 0.000 0.010 0.012 0.979
0.016 0.313 4.252 20.361 0.001 0.010 0.016 0.979
0.019 0.357 4.406 15.392 0.001 0.010 0.019 0.979
0.023 0.402 4.502 9.681 0.001 0.010 0.023 0.979
0.028 0.447 4.534 3.184 0.002 0.010 0.028 0.979
0.033 0.492 4.493 -4.151 0.003 0.010 0.033 0.979
0.038 0.536 4.369 -12.392 0.004 0.010 0.038 0.979
0.044 0.577 4.153 -21.631 0.005 0.010 0.044 0.979
0.050 0.616 3.833 -31.995 0.007 0.010 0.050 0.979
0.056 0.650 3.396 -43.658 0.009 0.010 0.056 0.979
0.063 0.678 2.827 -56.860 0.012 0.010 0.063 0.979
0.070 0.699 2.108 -71.924 0.016 0.010 0.070 0.979
0.077 0.711 1.215 -89.279 0.020 0.010 0.077 0.980
0.084 0.712 0.121 -109.490 0.025 0.010 0.084 0.980
0.091 0.699 -1.310 -143.100 0.032 0.010 0.091 0.980
0.098 0.669 -3.063 -175.267 0.040 0.010 0.098 0.980
0.104 0.618 -5.044 -198.068 0.049 0.010 0.104 0.980
0.110 0.545 -7.295 -225.132 0.060 0.010 0.110 0.981
0.114 0.447 -9.869 -257.346 0.073 0.010 0.114 0.981
0.117 0.318 -12.824 -295.585 0.088 0.010 0.117 0.981
0.119 0.156 -16.230 -340.575 0.106 0.010 0.119 0.981
0.119 0.046 -11.042 518.780 0.128 0.010 0.118 0.981
0.122 0.292 24.667 3570.989 0.152 0.010 0.115 0.981
0.128 0.590 29.804 513.639 0.181 0.010 0.110 0.980
0.138 0.946 35.549 574.523 0.214 0.010 0.100 0.978
0.151 1.364 41.776 622.678 0.253 0.010 0.087 0.975
0.170 1.845 48.161 638.506 0.298 0.010 0.069 0.970
0.194 2.386 54.069 590.768 0.349 0.010 0.047 0.962
0.223 2.970 58.423 435.475 0.407 0.010 0.019 0.951
0.259 3.566 59.641 121.731 0.472 0.010 -0.013 0.936
0.300 4.124 55.758 -388.314 0.544 0.010 -0.049 0.916
0.346 4.573 44.938 -1081.925 0.621 0.010 -0.087 0.891
0.394 4.837 26.392 -1854.601 0.702 0.010 -0.125 0.861
0.443 4.848 1.043 -2534.903 0.785 0.010 -0.161 0.828
0.488 4.573 -27.514 -2855.736 0.865 0.010 -0.192 0.795
0.529 4.031 -54.138 -2662.363 0.941 0.010 -0.217 0.763
0.562 3.283 -74.840 -2070.261 1.010 0.010 -0.236 0.736
0.586 2.404 -87.888 -1304.777 1.071 0.010 -0.248 0.715
0.600 1.466 -93.810 -592.208 1.123 0.010 -0.255 0.702
0.606 0.521 -94.449 -63.902 1.166 0.010 -0.257 0.697
0.610 0.398 -12.346 8210.312 1.201 0.010 -0.255 0.701
0.622 1.278 88.030 10037.574 1.227 0.010 -0.251 0.713
0.643 2.118 84.000 -402.946 1.245 0.010 -0.244 0.733
0.673 2.924 80.597 -340.349 1.255 0.010 -0.235 0.761
0.710 3.706 78.206 -239.037 1.259 0.010 -0.223 0.796
0.755 4.476 76.944 -126.191 1.254 0.010 -0.209 0.839
0.807 5.243 76.702 -24.240 1.243 0.010 -0.193 0.889
0.867 6.014 77.132 43.029 1.224 0.010 -0.173 0.945
0.935 6.790 77.580 44.721 1.197 0.010 -0.149 1.009
1.011 7.560 76.968 -61.133 1.163 0.010 -0.120 1.079
1.094 8.297 73.704 -326.389 1.122 0.010 -0.086 1.154
1.183 8.954 65.700 -800.461 1.074 0.010 -0.045 1.234
1.278 9.460 50.687 -1501.316 1.021 0.010 0.002 1.316
1.375 9.730 26.935 -2375.133 0.966 0.010 0.055 1.397
1.472 9.672 -5.806 -3274.159 0.911 0.010 0.113 1.475
1.564 9.214 -45.787 -3998.081 0.861 0.010 0.171 1.547
1.647 8.315 -89.859 -4407.162 0.821 0.010 0.226 1.609
1.717 6.962 -135.307 -4544.852 0.794 0.010 0.275 1.659
1.768 5.167 -179.498 -4419.100 0.785 0.010 0.311 1.696
1.812 4.331 -83.611 9588.710 0.785 0.010 0.342 1.726
1.855 4.319 -1.207 8240.452 0.785 0.010 0.372 1.757
1.898 4.303 -1.602 -39.495 0.785 0.010 0.403 1.787
1.941 4.283 -1.997 -39.495 0.785 0.010 0.433 1.817
1.983 4.259 -2.392 -39.495 0.785 0.010 0.463 1.848
2.026 4.231 -2.787 -39.495 0.785 0.010 0.493 1.877
2.068 4.199 -3.181 -39.495 0.785 0.010 0.523 1.907
2.109 4.164 -3.576 -39.495 0.785 0.010 0.552 1.937
2.150 4.124 -3.971 -39.495 0.785 0.010 0.581 1.966
2.191 4.080 -4.366 -39.495 0.785 0.010 0.610 1.995
2.232 4.033 -4.761 -39.495 0.785 0.010 0.639 2.023
2.271 3.981 -5.156 -39.495 0.785 0.010 0.667 2.051
2.311 3.926 -5.551 -39.495 0.785 0.010 0.694 2.079
2.349 3.866 -5.946 -39.495 0.785 0.010 0.722 2.106
2.387 3.803 -6.341 -39.495 0.785 0.010 0.749 2.133
2.425 3.735 -6.736 -39.495 0.785 0.010 0.775 2.160
2.461 3.664 -7.131 -39.495 0.785 0.010 0.801 2.186
2.497 3.589 -7.526 -39.495 0.785 0.010 0.826 2.211
2.532 3.510 -7.921 -39.495 0.785 0.010 0.851 2.236
2.567 3.426 -8.316 -39.495 0.785 0.010 0.875 2.260
2.600 3.339 -8.711 -39.495 0.785 0.010 0.899 2.284
2.632 3.248 -9.106 -39.495 0.785 0.010 0.922 2.307
2.664 3.153 -9.501 -39.495 0.785 0.010 0.944 2.329
2.695 3.055 -9.786 -28.528 0.785 0.010 0.966 2.350
2.724 2.957 -9.874 -8.780 0.785 0.010 0.987 2.371
2.753 2.858 -9.874 0.000 0.785 0.010 1.007 2.392
2.780 2.759 -9.874 -0.000 0.785 0.010 1.027 2.411
2.807 2.660 -9.874 0.000 0.785 0.010 1.045 2.430
2.833 2.562 -9.874 0.000 0.785 0.010 1.063 2.448
2.857 2.463 -9.874 -0.000 0.785 0.010 1.081 2.465
2.881 2.364 -9.874 0.000 0.785 0.010 1.098 2.482
2.903 2.266 -9.874 0.000 0.785 0.010 1.114 2.498
2.925 2.167 -9.874 -0.000 0.785 0.010 1.129 2.514
2.946 2.068 -9.874 -0.000 0.785 0.010 1.144 2.528
2.965 1.969 -9.874 0.000 0.785 0.010 1.157 2.542
2.984 1.871 -9.874 -0.000 0.785 0.010 1.171 2.555
3.002 1.772 -9.874 0.000 0.785 0.010 1.183 2.568
3.019 1.673 -9.874 -0.000 0.785 0.010 1.195 2.580
3.034 1.574 -9.874 -0.000 0.785 0.010 1.206 2.591
3.049 1.476 -9.874 0.000 0.785 0.010 1.217 2.601
3.063 1.377 -9.874 -0.000 0.785 0.010 1.226 2.611
3.076 1.278 -9.874 0.000 0.785 0.010 1.235 2.620
3.087 1.180 -9.764 10.967 0.785 0.010 1.244 2.628
3.098 1.086 -9.457 30.715 0.785 0.010 1.251 2.636
3.108 0.995 -9.062 39.495 0.785 0.010 1.258 2.643
3.117 0.909 -8.667 39.495 0.785 0.010 1.265 2.649
3.126 0.826 -8.272 39.495 0.785 0.010 1.271 2.655
3.133 0.747 -7.877 39.495 0.785 0.010 1.276 2.661
3.140 0.672 -7.482 39.495 0.785 0.010 1.281 2.665
3.146 0.601 -7.087 39.495 0.785 0.010 1.285 2.670
3.151 0.535 -6.692 39.495 0.785 0.010 1.289 2.673
3.156 0.472 -6.297 39.495 0.785 0.010 1.292 2.677
3.160 0.413 -5.902 39.495 0.785 0.010 1.295 2.680
3.164 0.357 -5.507 39.495 0.785 0.010 1.298 2.682
3.167 0.306 -5.112 39.495 0.785 0.010 1.300 2.684
3.169 0.259 -4.718 39.495 0.785 0.010 1.302 2.686
3.171 0.216 -4.323 39.495 0.785 0.010 1.303 2.688
3.173 0.177 -3.928 39.495 0.785 0.010 1.304 2.689
3.175 0.141 -3.533 39.495 0.785 0.010 1.305 2.690
3.176 0.110 -3.138 39.495 0.785 0.010 1.306 2.691
3.177 0.083 -2.743 39.495 0.785 0.010 1.307 2.691
3.177 0.059 -2.348 39.495 0.785 0.010 1.307 2.692
3.178 0.039 -1.953 39.495 0.785 0.010 1.307 2.692
3.178 0.024 -1.558 39.495 0.785 0.010 1.308 2.692
3.178 0.012 -1.163 39.495 0.785 0.010 1.308 2.692
3.178 0.005 -0.768 39.495 0.785 0.010 1.308 2.692
3.178 0.001 -0.373 39.495 0.785 0.010 1.308 2.692
3.178 0.000 -0.088 28.528 0.785 0.010 1.308 2.692
0.000 0.004 0.395 39.495 0.000 0.010 0.000 -0.979
0.000 0.008 0.395 0.021 0.000 0.010 0.000 -0.979
0.000 0.018 0.989 59.348 0.000 0.010 0.000 -0.979
0.001 0.032 1.387 39.826 0.000 0.010 0.001 -0.979
0.001 0.050 1.789 40.257 0.000 0.010 0.001 -0.979
0.002 0.072 2.199 40.959 0.000 0.010 0.002 -0.979
0.003 0.098 2.619 42.000 0.000 0.010 0.003 -0.979
0.004 0.128 3.053 43.442 0.000 0.010 0.004 -0.979
0.006 0.163 3.507 45.345 0.000 0.010 0.006 -0.979
0.008 0.203 3.985 47.765 0.000 0.010 0.008 -0.979
0.010 0.248 4.492 50.755 0.000 0.010 0.010 -0.979
0.013 0.298 5.036 54.362 0.000 0.010 0.013 -0.979
0.017 0.355 5.622 58.630 0.001 0.010 0.017 -0.979
0.021 0.417 6.258 63.598 0.001 0.010 0.021 -0.979
0.026 0.487 6.951 69.309 0.001 0.010 0.026 -0.979
0.031 0.564 7.709 75.806 0.002 0.010 0.031 -0.979
0.038 0.649 8.541 83.141 0.003 0.010 0.038 -0.979
0.045 0.744 9.454 91.382 0.004 0.010 0.045 -0.979
0.054 0.848 10.461 100.621 0.005 0.010 0.054 -0.979
0.063 0.964 11.570 110.985 0.007 0.010 0.063 -0.979
0.074 1.092 12.797 122.648 0.009 0.010 0.074 -0.979
0.087 1.234 14.155 135.849 0.012 0.010 0.087 -0.979
0.101 1.390 15.665 150.912 0.016 0.010 0.101 -0.978
0.116 1.564 17.347 168.267 0.020 0.010 0.116 -0.978
0.134 1.756 19.232 188.476 0.025 0.010 0.134 -0.978
0.154 1.967 21.058 182.589 0.032 0.010 0.153 -0.977
0.175 2.195 22.810 175.258 0.040 0.010 0.175 -0.976
0.200 2.443 24.791 198.056 0.049 0.010 0.200 -0.975
0.227 2.713 27.042 225.115 0.060 0.010 0.227 -0.974
0.257 3.009 29.615 257.322 0.073 0.010 0.257 -0.972
0.290 3.335 32.571 295.551 0.088 0.010 0.290 -0.969
0.327 3.695 35.976 340.528 0.106 0.010 0.327 -0.966
0.368 4.094 39.902 392.557 0.128 0.010 0.368 -0.961
0.414 4.538 44.412 451.018 0.152 0.010 0.413 -0.955
0.464 5.033 49.547 513.500 0.181 0.010 0.462 -0.946
0.520 5.586 55.290 574.348 0.214 0.010 0.517 -0.935
0.582 6.201 61.515 622.445 0.253 0.010 0.577 -0.921
0.651 6.880 67.897 638.205 0.298 0.010 0.644 -0.902
0.727 7.618 73.801 590.400 0.349 0.010 0.716 -0.878
0.811 8.400 78.152 435.062 0.407 0.010 0.794 -0.847
0.903 9.194 79.365 121.339 0.472 0.010 0.877 -0.808
1.002 9.948 75.479 -388.565 0.544 0.010 0.964 -0.760
1.108 10.595 64.661 -1081.870 0.621 0.010 1.052 -0.701
1.219 11.056 46.120 -1854.095 0.702 0.010 1.140 -0.633
1.331 11.260 20.386 -2573.391 0.785 0.010 1.223 -0.557
1.443 11.170 -8.948 -2933.407 0.865 0.010 1.298 -0.475
1.551 10.807 -36.349 -2740.103 0.941 0.010 1.365 -0.390
1.653 10.229 -57.833 -2148.377 1.010 0.010 1.423 -0.305
1.749 9.512 -71.667 -1383.388 1.071 0.010 1.471 -0.223
1.836 8.728 -78.380 -671.250 1.123 0.010 1.510 -0.146
1.915 7.930 -79.812 -143.249 1.166 0.010 1.543 -0.074
1.987 7.149 -78.086 172.630 1.201 0.010 1.570 -0.007
2.051 6.399 -74.981 310.425 1.227 0.010 1.593 0.053
2.108 5.682 -71.746 323.578 1.245 0.010 1.611 0.106
2.157 4.991 -69.136 260.964 1.255 0.010 1.627 0.154
2.201 4.315 -67.539 159.675 1.259 0.010 1.640 0.195
2.237 3.644 -67.071 46.839 1.254 0.010 1.651 0.229
2.267 2.968 -67.622 -55.122 1.243 0.010 1.661 0.258
2.289 2.280 -68.846 -122.413 1.224 0.010 1.668 0.279
2.305 1.579 -70.088 -124.126 1.197 0.010 1.674 0.294
2.314 0.876 -70.270 -18.261 1.163 0.010 1.677 0.302
2.316 0.198 -67.799 247.153 1.122 0.010 1.678 0.304
2.320 0.408 20.939 8873.717 1.074 0.010 1.676 0.300
2.329 0.871 46.360 2542.137 1.021 0.010 1.672 0.293
2.340 1.105 23.391 -2296.898 0.966 0.010 1.666 0.283
2.350 1.019 -8.573 -3196.447 0.911 0.010 1.660 0.275
2.355 0.542 -47.779 -3920.558 0.861 0.010 1.656 0.271
2.359 0.369 -17.247 3053.229 0.821 0.010 1.659 0.274
2.376 1.724 135.515 15276.181 0.794 0.010 1.671 0.286
2.412 3.511 178.688 4317.266 0.785 0.010 1.696 0.311
2.455 4.331 81.990 -9669.720 0.785 0.010 1.726 0.342
2.498 4.319 -1.207 -8319.721 0.785 0.010 1.757 0.372
2.541 4.303 -1.602 -39.495 0.785 0.010 1.787 0.403
2.584 4.283 -1.997 -39.495 0.785 0.010 1.817 0.433
2.626 4.259 -2.392 -39.495 0.785 0.010 1.848 0.463
2.669 4.231 -2.787 -39.495 0.785 0.010 1.877 0.493
2.711 4.199 -3.181 -39.495 0.785 0.010 1.907 0.523
2.752 4.164 -3.576 -39.495 0.785 0.010 1.937 0.552
2.794 4.124 -3.971 -39.495 0.785 0.010 1.966 0.581
2.834 4.080 -4.366 -39.495 0.785 0.010 1.995 0.610
2.875 4.033 -4.761 -39.495 0.785 0.010 2.023 0.639
2.915 3.981 -5.156 -39.495 0.785 0.010 2.051 0.667
2.954 3.926 -5.551 -39.495 0.785 0.010 2.079 0.694
2.993 3.866 -5.946 -39.495 0.785 0.010 2.106 0.722
3.031 3.803 -6.341 -39.495 0.785 0.010 2.133 0.749
3.068 3.735 -6.736 -39.495 0.785 0.010 2.160 0.775
3.105 3.664 -7.131 -39.495 0.785 0.010 2.186 0.801
3.140 3.589 -7.526 -39.495 0.785 0.010 2.211 0.826
3.176 3.510 -7.921 -39.495 0.785 0.010 2.236 0.851
3.210 3.426 -8.316 -39.495 0.785 0.010 2.260 0.875
3.243 3.339 -8.711 -39.495 0.785 0.010 2.284 0.899
3.276 3.248 -9.106 -39.495 0.785 0.010 2.307 0.922
3.307 3.153 -9.501 -39.495 0.785 0.010 2.329 0.944
3.338 3.055 -9.786 -28.528 0.785 0.010 2.350 0.966
3.367 2.957 -9.874 -8.780 0.785 0.010 2.371 0.987
3.396 2.858 -9.874 0.000 0.785 0.010 2.392 1.007
3.423 2.759 -9.874 0.000 0.785 0.010 2.411 1.027
3.450 2.660 -9.874 -0.000 0.785 0.010 2.430 1.045
3.476 2.562 -9.874 0.000 0.785 0.010 2.448 1.063
3.500 2.463 -9.874 -0.000 0.785 0.010 2.465 1.081
3.524 2.364 -9.874 0.000 0.785 0.010 2.482 1.098
3.547 2.266 -9.874 0.000 0.785 0.010 2.498 1.114
3.568 2.167 -9.874 -0.000 0.785 0.010 2.514 1.129
3.589 2.068 -9.874 0.000 0.785 0.010 2.528 1.144
3.609 1.969 -9.874 0.000 0.785 0.010 2.542 1.157
3.627 1.871 -9.874 -0.000 0.785 0.010 2.555 1.171
3.645 1.772 -9.874 0.000 0.785 0.010 2.568 1.183
3.662 1.673 -9.874 -0.000 0.785 0.010 2.580 1.195
3.678 1.574 -9.874 -0.000 0.785 0.010 2.591 1.206
3.692 1.476 -9.874 0.000 0.785 0.010 2.601 1.217
3.706 1.377 -9.874 -0.000 0.785 0.010 2.611 1.226
3.719 1.278 -9.874 -0.000 0.785 0.010 2.620 1.235
3.731 1.180 -9.764 10.967 0.785 0.010 2.628 1.244
3.742 1.086 -9.457 30.715 0.785 0.010 2.636 1.251
3.751 0.995 -9.062 39.495 0.785 0.010 2.643 1.258
3.761 0.909 -8.667 39.495 0.785 0.010 2.649 1.265
3.769 0.826 -8.272 39.495 0.785 0.010 2.655 1.271
3.776 0.747 -7.877 39.495 0.785 0.010 2.661 1.276
3.783 0.672 -7.482 39.495 0.785 0.010 2.665 1.281
3.789 0.601 -7.087 39.495 0.785 0.010 2.670 1.285
3.794 0.535 -6.692 39.495 0.785 0.010 2.673 1.289
3.799 0.472 -6.297 39.495 0.785 0.010 2.677 1.292
3.803 0.413 -5.902 39.495 0.785 0.010 2.680 1.295
3.807 0.357 -5.507 39.495 0.785 0.010 2.682 1.298
3.810 0.306 -5.112 39.495 0.785 0.010 2.684 1.300
3.812 0.259 -4.718 39.495 0.785 0.010 2.686 1.302
3.815 0.216 -4.323 39.495 0.785 0.010 2.688 1.303
3.816 0.177 -3.928 39.495 0.785 0.010 2.689 1.304
3.818 0.141 -3.533 39.495 0.785 0.010 2.690 1.305
3.819 0.110 -3.138 39.495 0.785 0.010 2.691 1.306
3.820 0.083 -2.743 39.495 0.785 0.010 2.691 1.307
3.820 0.059 -2.348 39.495 0.785 0.010 2.692 1.307
3.821 0.039 -1.953 39.495 0.785 0.010 2.692 1.307
3.821 0.024 -1.558 39.495 0.785 0.010 2.692 1.308
3.821 0.012 -1.163 39.495 0.785 0.010 2.692 1.308
3.821 0.005 -0.768 39.495 0.785 0.010 2.692 1.308
3.821 0.001 -0.373 39.495 0.785 0.010 2.692 1.308
3.821 0.000 -0.088 28.528 0.785 0.010 2.692 1.308
