StraightAheadPath
752
0.000 0.005 0.499 49.889 0.000 0.010 0.000 0.979
0.000 0.010 0.499 0.000 0.000 0.010 0.000 0.979
0.000 0.020 0.998 49.889 0.000 0.010 0.000 0.979
0.001 0.030 0.998 -0.000 0.000 0.010 0.001 0.979
0.001 0.040 0.998 -0.000 0.000 0.010 0.001 0.979
0.002 0.050 0.998 0.000 0.000 0.010 0.002 0.979
0.002 0.060 0.998 0.000 0.000 0.010 0.002 0.979
0.003 0.070 0.998 -0.000 0.000 0.010 0.003 0.979
0.004 0.080 0.998 -0.000 0.000 0.010 0.004 0.979
0.005 0.090 0.998 0.000 0.000 0.010 0.005 0.979
0.006 0.100 0.998 -0.000 0.000 0.010 0.006 0.979
0.007 0.110 0.998 0.000 0.000 0.010 0.007 0.979
0.008 0.120 0.998 -0.000 0.000 0.010 0.008 0.979
0.009 0.130 0.998 0.000 0.000 0.010 0.009 0.979
0.011 0.140 0.998 0.000 0.000 0.010 0.011 0.979
0.012 0.150 0.998 -0.000 0.000 0.010 0.012 0.979
0.014 0.160 0.998 0.000 0.000 0.010 0.014 0.979
0.015 0.170 0.998 0.000 0.000 0.010 0.015 0.979
0.017 0.180 0.998 -0.000 0.000 0.010 0.017 0.979
0.019 0.190 0.998 0.000 0.000 0.010 0.019 0.979
0.021 0.200 0.998 -0.000 0.000 0.010 0.021 0.979
0.023 0.210 0.998 0.000 0.000 0.010 0.023 0.979
0.025 0.220 0.998 0.000 0.000 0.010 0.025 0.979
0.028 0.229 0.998 0.000 0.000 0.010 0.028 0.979
0.030 0.239 0.998 -0.000 0.000 0.010 0.030 0.979
0.032 0.249 0.998 0.000 0.000 0.010 0.032 0.979
0.035 0.259 0.998 -0.000 0.000 0.010 0.035 0.979
0.038 0.269 0.998 0.000 0.000 0.010 0.038 0.979
0.041 0.279 0.998 -0.000 0.000 0.010 0.041 0.979
0.043 0.289 0.998 0.000 0.000 0.010 0.043 0.979
0.046 0.299 0.998 -0.000 0.000 0.010 0.046 0.979
0.050 0.309 0.998 0.000 0.000 0.010 0.050 0.979
0.053 0.319 0.998 -0.000 0.000 0.010 0.053 0.979
0.056 0.329 0.998 0.000 0.000 0.010 0.056 0.979
0.059 0.339 0.998 0.000 0.000 0.010 0.059 0.979
0.063 0.349 0.998 -0.000 0.000 0.010 0.063 0.979
0.066 0.359 0.998 0.000 0.000 0.010 0.066 0.979
0.070 0.369 0.998 0.000 0.000 0.010 0.070 0.979
0.074 0.379 0.998 -0.000 0.000 0.010 0.074 0.979
0.078 0.389 0.998 0.000 0.000 0.010 0.078 0.979
0.082 0.399 0.998 0.000 0.000 0.010 0.082 0.979
0.086 0.409 0.998 -0.000 0.000 0.010 0.086 0.979
0.090 0.419 0.998 0.000 0.000 0.010 0.090 0.979
0.094 0.429 0.998 -0.000 0.000 0.010 0.094 0.979
0.099 0.439 0.998 0.000 0.000 0.010 0.099 0.979
0.103 0.449 0.998 -0.000 0.000 0.010 0.103 0.979
0.108 0.459 0.998 0.000 0.000 0.010 0.108 0.979
0.113 0.469 0.998 0.000 0.000 0.010 0.113 0.979
0.117 0.479 0.998 -0.000 0.000 0.010 0.117 0.979
0.122 0.489 0.998 0.000 0.000 0.010 0.122 0.979
0.127 0.499 0.998 -0.000 0.000 0.010 0.127 0.979
0.132 0.509 0.998 0.000 0.000 0.010 0.132 0.979
0.138 0.519 0.998 0.000 0.000 0.010 0.138 0.979
0.143 0.529 0.998 -0.000 0.000 0.010 0.143 0.979
0.148 0.539 0.998 0.000 0.000 0.010 0.148 0.979
0.154 0.549 0.998 0.000 0.000 0.010 0.154 0.979
0.159 0.559 0.998 0.000 0.000 0.010 0.159 0.979
0.165 0.569 0.998 0.000 0.000 0.010 0.165 0.979
0.171 0.579 0.998 0.000 0.000 0.010 0.171 0.979
0.177 0.589 0.998 -0.000 0.000 0.010 0.177 0.979
0.183 0.599 0.998 0.000 0.000 0.010 0.183 0.979
0.189 0.609 0.998 -0.000 0.000 0.010 0.189 0.979
0.195 0.619 0.998 0.000 0.000 0.010 0.195 0.979
0.201 0.629 0.998 0.000 0.000 0.010 0.201 0.979
0.208 0.639 0.998 -0.000 0.000 0.010 0.208 0.979
0.214 0.649 0.998 0.000 0.000 0.010 0.214 0.979
0.221 0.659 0.998 -0.000 0.000 0.010 0.221 0.979
0.227 0.669 0.998 0.000 0.000 0.010 0.227 0.979
0.234 0.678 0.998 0.000 0.000 0.010 0.234 0.979
0.241 0.688 0.998 0.000 0.000 0.010 0.241 0.979
0.248 0.698 0.998 -0.000 0.000 0.010 0.248 0.979
0.255 0.708 0.998 0.000 0.000 0.010 0.255 0.979
0.262 0.718 0.998 -0.000 0.000 0.010 0.262 0.979
0.270 0.728 0.998 0.000 0.000 0.010 0.270 0.979
0.277 0.738 0.998 0.000 0.000 0.010 0.277 0.979
0.284 0.748 0.998 -0.000 0.000 0.010 0.284 0.979
0.292 0.758 0.998 0.000 0.000 0.010 0.292 0.979
0.300 0.768 0.998 0.000 0.000 0.010 0.300 0.979
0.307 0.778 0.998 0.000 0.000 0.010 0.307 0.979
0.315 0.788 0.998 -0.000 0.000 0.010 0.315 0.979
0.323 0.798 0.998 0.000 0.000 0.010 0.323 0.979
0.331 0.808 0.998 -0.000 0.000 0.010 0.331 0.979
0.340 0.818 0.998 0.000 0.000 0.010 0.340 0.979
0.348 0.828 0.998 -0.000 0.000 0.010 0.348 0.979
0.356 0.838 0.998 0.000 0.000 0.010 0.356 0.979
0.365 0.848 0.998 0.000 0.000 0.010 0.365 0.979
0.373 0.858 0.998 -0.000 0.000 0.010 0.373 0.979
0.382 0.868 0.998 0.000 0.000 0.010 0.382 0.979
0.391 0.878 0.998 0.000 0.000 0.010 0.391 0.979
0.400 0.888 0.998 -0.000 0.000 0.010 0.400 0.979
0.409 0.898 0.998 0.000 0.000 0.010 0.409 0.979
0.418 0.908 0.998 0.000 0.000 0.010 0.418 0.979
0.427 0.918 0.998 -0.000 0.000 0.010 0.427 0.979
0.436 0.928 0.998 0.000 0.000 0.010 0.436 0.979
0.446 0.938 0.998 -0.000 0.000 0.010 0.446 0.979
0.455 0.948 0.998 0.000 0.000 0.010 0.455 0.979
0.465 0.958 0.998 0.000 0.000 0.010 0.465 0.979
0.474 0.968 0.998 0.000 0.000 0.010 0.474 0.979
0.484 0.978 0.998 -0.000 0.000 0.010 0.484 0.979
0.494 0.988 0.998 0.000 0.000 0.010 0.494 0.979
0.504 0.998 0.998 -0.000 0.000 0.010 0.504 0.979
0.514 1.008 0.998 0.000 0.000 0.010 0.514 0.979
0.524 1.018 0.998 -0.000 0.000 0.010 0.524 0.979
0.534 1.028 0.998 0.000 0.000 0.010 0.534 0.979
0.545 1.038 0.998 0.000 0.000 0.010 0.545 0.979
0.555 1.048 0.998 -0.000 0.000 0.010 0.555 0.979
0.566 1.058 0.998 0.000 0.000 0.010 0.566 0.979
0.577 1.068 0.998 -0.000 0.000 0.010 0.577 0.979
0.587 1.078 0.998 0.000 0.000 0.010 0.587 0.979
0.598 1.088 0.998 0.000 0.000 0.010 0.598 0.979
0.609 1.098 0.998 0.000 0.000 0.010 0.609 0.979
0.620 1.108 0.998 0.000 0.000 0.010 0.620 0.979
0.631 1.118 0.998 -0.000 0.000 0.010 0.631 0.979
0.643 1.127 0.998 0.000 0.000 0.010 0.643 0.979
0.654 1.137 0.998 0.000 0.000 0.010 0.654 0.979
0.666 1.147 0.998 -0.000 0.000 0.010 0.666 0.979
0.677 1.157 0.998 0.000 0.000 0.010 0.677 0.979
0.689 1.167 0.998 0.000 0.000 0.010 0.689 0.979
0.701 1.177 0.998 -0.000 0.000 0.010 0.701 0.979
0.712 1.187 0.998 0.000 0.000 0.010 0.712 0.979
0.724 1.197 0.998 0.000 0.000 0.010 0.724 0.979
0.736 1.207 0.998 -0.000 0.000 0.010 0.736 0.979
0.749 1.217 0.998 0.000 0.000 0.010 0.749 0.979
0.761 1.227 0.998 -0.000 0.000 0.010 0.761 0.979
0.773 1.237 0.998 0.000 0.000 0.010 0.773 0.979
0.786 1.247 0.998 -0.000 0.000 0.010 0.786 0.979
0.798 1.257 0.998 -0.000 0.000 0.010 0.798 0.979
0.811 1.267 0.998 0.000 0.000 0.010 0.811 0.979
0.824 1.277 0.998 -0.000 0.000 0.010 0.824 0.979
0.837 1.287 0.998 0.000 0.000 0.010 0.837 0.979
0.850 1.297 0.998 0.000 0.000 0.010 0.850 0.979
0.863 1.307 0.998 -0.000 0.000 0.010 0.863 0.979
0.876 1.317 0.998 0.000 0.000 0.010 0.876 0.979
0.889 1.327 0.998 0.000 0.000 0.010 0.889 0.979
0.903 1.337 0.998 -0.000 0.000 0.010 0.903 0.979
0.916 1.347 0.998 -0.000 0.000 0.010 0.916 0.979
0.930 1.357 0.998 0.000 0.000 0.010 0.930 0.979
0.943 1.367 0.998 -0.000 0.000 0.010 0.943 0.979
0.957 1.377 0.998 0.000 0.000 0.010 0.957 0.979
0.971 1.387 0.998 -0.000 0.000 0.010 0.971 0.979
0.985 1.397 0.998 0.000 0.000 0.010 0.985 0.979
0.999 1.407 0.998 -0.000 0.000 0.010 0.999 0.979
1.013 1.417 0.998 0.000 0.000 0.010 1.013 0.979
1.027 1.427 0.998 -0.000 0.000 0.010 1.027 0.979
1.042 1.437 0.998 0.000 0.000 0.010 1.042 0.979
1.056 1.447 0.998 -0.000 0.000 0.010 1.056 0.979
1.071 1.457 0.998 0.000 0.000 0.010 1.071 0.979
1.085 1.467 0.998 -0.000 0.000 0.010 1.085 0.979
1.100 1.477 0.998 0.000 0.000 0.010 1.100 0.979
1.115 1.487 0.998 0.000 0.000 0.010 1.115 0.979
1.130 1.497 0.998 -0.000 0.000 0.010 1.130 0.979
1.145 1.507 0.998 0.000 0.000 0.010 1.145 0.979
1.160 1.517 0.998 -0.000 0.000 0.010 1.160 0.979
1.176 1.527 0.998 0.000 0.000 0.010 1.176 0.979
1.191 1.537 0.998 -0.000 0.000 0.010 1.191 0.979
1.206 1.547 0.998 -0.000 0.000 0.010 1.206 0.979
1.222 1.557 0.998 0.000 0.000 0.010 1.222 0.979
1.238 1.567 0.998 -0.000 0.000 0.010 1.238 0.979
1.253 1.576 0.998 -0.000 0.000 0.010 1.253 0.979
1.269 1.586 0.998 0.000 0.000 0.010 1.269 0.979
1.285 1.596 0.998 0.000 0.000 0.010 1.285 0.979
1.301 1.606 0.998 -0.000 0.000 0.010 1.301 0.979
1.317 1.616 0.998 0.000 0.000 0.010 1.317 0.979
1.334 1.626 0.998 -0.000 0.000 0.010 1.334 0.979
1.350 1.636 0.998 0.000 0.000 0.010 1.350 0.979
1.366 1.646 0.998 0.000 0.000 0.010 1.366 0.979
1.383 1.656 0.998 -0.000 0.000 0.010 1.383 0.979
1.400 1.666 0.998 0.000 0.000 0.010 1.400 0.979
1.416 1.676 0.998 -0.000 0.000 0.010 1.416 0.979
1.433 1.686 0.998 0.000 0.000 0.010 1.433 0.979
1.450 1.696 0.998 0.000 0.000 0.010 1.450 0.979
1.467 1.706 0.998 0.000 0.000 0.010 1.467 0.979
1.485 1.716 0.998 -0.000 0.000 0.010 1.485 0.979
1.502 1.726 0.998 0.000 0.000 0.010 1.502 0.979
1.519 1.736 0.998 -0.000 0.000 0.010 1.519 0.979
1.537 1.746 0.998 0.000 0.000 0.010 1.537 0.979
1.554 1.756 0.998 -0.000 0.000 0.010 1.554 0.979
1.572 1.766 0.998 0.000 0.000 0.010 1.572 0.979
1.590 1.776 0.998 -0.000 0.000 0.010 1.590 0.979
1.607 1.786 0.998 0.000 0.000 0.010 1.607 0.979
1.625 1.796 0.998 -0.000 0.000 0.010 1.625 0.979
1.643 1.806 0.998 0.000 0.000 0.010 1.643 0.979
1.662 1.816 0.998 -0.000 0.000 0.010 1.662 0.979
1.680 1.826 0.998 0.000 0.000 0.010 1.680 0.979
1.698 1.836 0.998 0.000 0.000 0.010 1.698 0.979
1.717 1.846 0.998 -0.000 0.000 0.010 1.717 0.979
1.735 1.856 0.998 0.000 0.000 0.010 1.735 0.979
1.754 1.866 0.998 -0.000 0.000 0.010 1.754 0.979
1.773 1.876 0.998 -0.000 0.000 0.010 1.773 0.979
1.792 1.886 0.998 0.000 0.000 0.010 1.792 0.979
1.810 1.896 0.998 0.000 0.000 0.010 1.810 0.979
1.830 1.906 0.998 0.000 0.000 0.010 1.830 0.979
1.849 1.916 0.998 -0.000 0.000 0.010 1.849 0.979
1.868 1.926 0.998 0.000 0.000 0.010 1.868 0.979
1.887 1.936 0.998 0.000 0.000 0.010 1.887 0.979
1.907 1.946 0.998 -0.000 0.000 0.010 1.907 0.979
1.926 1.956 0.998 0.000 0.000 0.010 1.926 0.979
1.946 1.966 0.998 0.000 0.000 0.010 1.946 0.979
1.966 1.976 0.998 0.000 0.000 0.010 1.966 0.979
1.986 1.986 0.998 -0.000 0.000 0.010 1.986 0.979
2.006 1.996 0.998 0.000 0.000 0.010 2.006 0.979
2.026 2.006 0.998 -0.000 0.000 0.010 2.026 0.979
2.046 2.016 0.998 0.000 0.000 0.010 2.046 0.979
2.066 2.025 0.998 -0.000 0.000 0.010 2.066 0.979
2.086 2.035 0.998 0.000 0.000 0.010 2.086 0.979
2.107 2.045 0.998 0.000 0.000 0.010 2.107 0.979
2.127 2.055 0.998 -0.000 0.000 0.010 2.127 0.979
2.148 2.065 0.998 0.000 0.000 0.010 2.148 0.979
2.169 2.075 0.998 0.000 0.000 0.010 2.169 0.979
2.190 2.085 0.998 -0.000 0.000 0.010 2.190 0.979
2.211 2.095 0.998 0.000 0.000 0.010 2.211 0.979
2.232 2.105 0.998 -0.000 0.000 0.010 2.232 0.979
2.253 2.115 0.998 0.000 0.000 0.010 2.253 0.979
2.274 2.125 0.998 -0.000 0.000 0.010 2.274 0.979
2.295 2.135 0.998 0.000 0.000 0.010 2.295 0.979
2.317 2.145 0.998 0.000 0.000 0.010 2.317 0.979
2.338 2.155 0.998 0.000 0.000 0.010 2.338 0.979
2.360 2.165 0.998 0.000 0.000 0.010 2.360 0.979
2.382 2.175 0.998 0.000 0.000 0.010 2.382 0.979
2.404 2.185 0.998 0.000 0.000 0.010 2.404 0.979
2.426 2.195 0.998 0.000 0.000 0.010 2.426 0.979
2.448 2.205 0.998 0.000 0.000 0.010 2.448 0.979
2.470 2.215 0.998 0.000 0.000 0.010 2.470 0.979
2.492 2.225 0.998 0.000 0.000 0.010 2.492 0.979
2.514 2.235 0.998 -0.000 0.000 0.010 2.514 0.979
2.537 2.245 0.998 0.000 0.000 0.010 2.537 0.979
2.559 2.255 0.998 -0.000 0.000 0.010 2.559 0.979
2.582 2.265 0.998 0.000 0.000 0.010 2.582 0.979
2.605 2.275 0.998 0.000 0.000 0.010 2.605 0.979
2.628 2.285 0.998 0.000 0.000 0.010 2.628 0.979
2.651 2.295 0.998 -0.000 0.000 0.010 2.651 0.979
2.674 2.305 0.998 0.000 0.000 0.010 2.674 0.979
2.697 2.315 0.998 0.000 0.000 0.010 2.697 0.979
2.720 2.325 0.998 -0.000 0.000 0.010 2.720 0.979
2.743 2.335 0.998 0.000 0.000 0.010 2.743 0.979
2.767 2.345 0.998 0.000 0.000 0.010 2.767 0.979
2.790 2.355 0.998 -0.000 0.000 0.010 2.790 0.979
2.814 2.365 0.998 0.000 0.000 0.010 2.814 0.979
2.838 2.375 0.998 0.000 0.000 0.010 2.838 0.979
2.862 2.385 0.998 -0.000 0.000 0.010 2.862 0.979
2.886 2.395 0.998 -0.000 0.000 0.010 2.886 0.979
2.910 2.405 0.998 0.000 0.000 0.010 2.910 0.979
2.934 2.415 0.998 -0.000 0.000 0.010 2.934 0.979
2.958 2.425 0.998 0.000 0.000 0.010 2.958 0.979
2.982 2.435 0.998 0.000 0.000 0.010 2.982 0.979
3.007 2.445 0.998 -0.000 0.000 0.010 3.007 0.979
3.031 2.455 0.998 0.000 0.000 0.010 3.031 0.979
3.056 2.464 0.998 -0.000 0.000 0.010 3.056 0.979
3.081 2.474 0.998 0.000 0.000 0.010 3.081 0.979
3.106 2.484 0.998 -0.000 0.000 0.010 3.106 0.979
3.131 2.494 0.998 0.000 0.000 0.010 3.131 0.979
3.156 2.504 0.998 -0.000 0.000 0.010 3.156 0.979
3.181 2.514 0.998 0.000 0.000 0.010 3.181 0.979
3.206 2.524 0.998 -0.000 0.000 0.010 3.206 0.979
3.231 2.534 0.998 -0.000 0.000 0.010 3.231 0.979
3.257 2.544 0.998 0.000 0.000 0.010 3.257 0.979
3.282 2.554 0.998 0.000 0.000 0.010 3.282 0.979
3.308 2.564 0.998 -0.000 0.000 0.010 3.308 0.979
3.334 2.574 0.998 0.000 0.000 0.010 3.334 0.979
3.360 2.584 0.998 -0.000 0.000 0.010 3.360 0.979
3.385 2.594 0.998 0.000 0.000 0.010 3.385 0.979
3.412 2.604 0.998 -0.000 0.000 0.010 3.412 0.979
3.438 2.614 0.998 0.000 0.000 0.010 3.438 0.979
3.464 2.624 0.998 0.000 0.000 0.010 3.464 0.979
3.490 2.634 0.998 0.000 0.000 0.010 3.490 0.979
3.517 2.644 0.998 0.000 0.000 0.010 3.517 0.979
3.543 2.654 0.998 -0.000 0.000 0.010 3.543 0.979
3.570 2.664 0.998 -0.000 0.000 0.010 3.570 0.979
3.597 2.674 0.998 0.000 0.000 0.010 3.597 0.979
3.623 2.684 0.998 -0.000 0.000 0.010 3.623 0.979
3.650 2.694 0.998 0.000 0.000 0.010 3.650 0.979
3.677 2.704 0.998 -0.000 0.000 0.010 3.677 0.979
3.705 2.714 0.998 -0.000 0.000 0.010 3.705 0.979
3.732 2.724 0.998 0.000 0.000 0.010 3.732 0.979
3.759 2.734 0.998 -0.000 0.000 0.010 3.759 0.979
3.787 2.744 0.998 -0.000 0.000 0.010 3.787 0.979
3.814 2.754 0.998 0.000 0.000 0.010 3.814 0.979
3.842 2.764 0.998 -0.000 0.000 0.010 3.842 0.979
3.869 2.774 0.998 0.000 0.000 0.010 3.869 0.979
3.897 2.784 0.998 -0.000 0.000 0.010 3.897 0.979
3.925 2.794 0.998 -0.000 0.000 0.010 3.925 0.979
3.953 2.804 0.998 0.000 0.000 0.010 3.953 0.979
3.981 2.814 0.998 -0.000 0.000 0.010 3.981 0.979
4.010 2.824 0.998 0.000 0.000 0.010 4.010 0.979
4.038 2.834 0.998 -0.000 0.000 0.010 4.038 0.979
4.066 2.844 0.998 -0.000 0.000 0.010 4.066 0.979
4.095 2.854 0.998 0.000 0.000 0.010 4.095 0.979
4.124 2.864 0.998 -0.000 0.000 0.010 4.124 0.979
4.152 2.874 0.998 0.000 0.000 0.010 4.152 0.979
4.181 2.884 0.998 -0.000 0.000 0.010 4.181 0.979
4.210 2.894 0.998 0.000 0.000 0.010 4.210 0.979
4.239 2.904 0.998 -0.000 0.000 0.010 4.239 0.979
4.268 2.913 0.998 0.000 0.000 0.010 4.268 0.979
4.298 2.923 0.998 0.000 0.000 0.010 4.298 0.979
4.327 2.933 0.998 0.000 0.000 0.010 4.327 0.979
4.356 2.943 0.998 0.000 0.000 0.010 4.356 0.979
4.386 2.953 0.998 -0.000 0.000 0.010 4.386 0.979
4.415 2.963 0.998 0.000 0.000 0.010 4.415 0.979
4.445 2.973 0.998 -0.000 0.000 0.010 4.445 0.979
4.475 2.983 0.998 0.000 0.000 0.010 4.475 0.979
4.505 2.993 0.998 0.000 0.000 0.010 4.505 0.979
4.535 3.003 0.998 -0.000 0.000 0.010 4.535 0.979
4.565 3.013 0.998 0.000 0.000 0.010 4.565 0.979
4.595 3.023 0.998 -0.000 0.000 0.010 4.595 0.979
4.626 3.033 0.998 0.000 0.000 0.010 4.626 0.979
4.656 3.043 0.998 -0.000 0.000 0.010 4.656 0.979
4.687 3.053 0.998 0.000 0.000 0.010 4.687 0.979
4.717 3.063 0.998 -0.000 0.000 0.010 4.717 0.979
4.748 3.073 0.998 0.000 0.000 0.010 4.748 0.979
4.779 3.083 0.998 0.000 0.000 0.010 4.779 0.979
4.810 3.093 0.998 -0.000 0.000 0.010 4.810 0.979
4.841 3.103 0.998 0.000 0.000 0.010 4.841 0.979
4.872 3.113 0.998 0.000 0.000 0.010 4.872 0.979
4.903 3.123 0.998 -0.000 0.000 0.010 4.903 0.979
4.935 3.133 0.998 0.000 0.000 0.010 4.935 0.979
4.966 3.143 0.998 -0.000 0.000 0.010 4.966 0.979
4.997 3.153 0.998 0.000 0.000 0.010 4.997 0.979
5.029 3.163 0.998 0.000 0.000 0.010 5.029 0.979
5.061 3.173 0.998 -0.000 0.000 0.010 5.061 0.979
5.093 3.183 0.998 0.000 0.000 0.010 5.093 0.979
5.125 3.193 0.998 0.000 0.000 0.010 5.125 0.979
5.157 3.203 0.998 0.000 0.000 0.010 5.157 0.979
5.189 3.213 0.998 -0.000 0.000 0.010 5.189 0.979
5.221 3.223 0.998 0.000 0.000 0.010 5.221 0.979
5.253 3.233 0.998 -0.000 0.000 0.010 5.253 0.979
5.286 3.243 0.998 -0.000 0.000 0.010 5.286 0.979
5.318 3.253 0.998 0.000 0.000 0.010 5.318 0.979
5.351 3.263 0.998 -0.000 0.000 0.010 5.351 0.979
5.384 3.273 0.998 0.000 0.000 0.010 5.384 0.979
5.416 3.283 0.998 0.000 0.000 0.010 5.416 0.979
5.449 3.293 0.998 0.000 0.000 0.010 5.449 0.979
5.482 3.303 0.998 0.000 0.000 0.010 5.482 0.979
5.516 3.313 0.998 -0.000 0.000 0.010 5.516 0.979
5.549 3.323 0.998 0.000 0.000 0.010 5.549 0.979
5.582 3.333 0.998 -0.000 0.000 0.010 5.582 0.979
5.615 3.343 0.998 0.000 0.000 0.010 5.615 0.979
5.649 3.353 0.998 0.000 0.000 0.010 5.649 0.979
5.683 3.362 0.998 0.000 0.000 0.010 5.683 0.979
5.716 3.372 0.998 0.000 0.000 0.010 5.716 0.979
5.750 3.382 0.998 0.000 0.000 0.010 5.750 0.979
5.784 3.392 0.998 0.000 0.000 0.010 5.784 0.979
5.818 3.402 0.998 0.000 0.000 0.010 5.818 0.979
5.852 3.412 0.998 -0.000 0.000 0.010 5.852 0.979
5.886 3.422 0.998 0.000 0.000 0.010 5.886 0.979
5.921 3.432 0.998 -0.000 0.000 0.010 5.921 0.979
5.955 3.442 0.998 -0.000 0.000 0.010 5.955 0.979
5.990 3.452 0.998 0.000 0.000 0.010 5.990 0.979
6.024 3.462 0.998 -0.000 0.000 0.010 6.024 0.979
6.059 3.472 0.998 0.000 0.000 0.010 6.059 0.979
6.094 3.482 0.998 -0.000 0.000 0.010 6.094 0.979
6.129 3.492 0.998 0.000 0.000 0.010 6.129 0.979
6.164 3.502 0.998 -0.000 0.000 0.010 6.164 0.979
6.199 3.512 0.998 0.000 0.000 0.010 6.199 0.979
6.234 3.522 0.998 -0.000 0.000 0.010 6.234 0.979
6.270 3.532 0.998 0.000 0.000 0.010 6.270 0.979
6.305 3.542 0.998 -0.000 0.000 0.010 6.305 0.979
6.340 3.552 0.998 0.000 0.000 0.010 6.340 0.979
6.376 3.562 0.998 -0.000 0.000 0.010 6.376 0.979
6.412 3.572 0.998 0.000 0.000 0.010 6.412 0.979
6.448 3.582 0.998 0.000 0.000 0.010 6.448 0.979
6.484 3.592 0.998 -0.000 0.000 0.010 6.484 0.979
6.520 3.602 0.998 0.000 0.000 0.010 6.520 0.979
6.556 3.612 0.998 -0.000 0.000 0.010 6.556 0.979
6.592 3.622 0.998 0.000 0.000 0.010 6.592 0.979
6.628 3.632 0.998 0.000 0.000 0.010 6.628 0.979
6.665 3.642 0.998 -0.000 0.000 0.010 6.665 0.979
6.701 3.652 0.998 0.000 0.000 0.010 6.701 0.979
6.738 3.662 0.998 -0.000 0.000 0.010 6.738 0.979
6.775 3.672 0.998 -0.000 0.000 0.010 6.775 0.979
6.811 3.682 0.998 0.000 0.000 0.010 6.811 0.979
6.848 3.692 0.998 -0.000 0.000 0.010 6.848 0.979
6.885 3.702 0.998 0.000 0.000 0.010 6.885 0.979
6.922 3.712 0.998 -0.000 0.000 0.010 6.922 0.979
6.960 3.722 0.998 0.000 0.000 0.010 6.960 0.979
6.997 3.729 0.748 -24.944 0.000 0.010 6.997 0.979
7.034 3.730 0.042 -70.665 0.000 0.010 7.034 0.979
7.071 3.723 -0.665 -70.665 0.000 0.010 7.071 0.979
7.109 3.713 -0.956 -29.112 0.000 0.010 7.109 0.979
7.146 3.703 -0.998 -4.168 0.000 0.010 7.146 0.979
7.183 3.693 -0.998 0.000 0.000 0.010 7.183 0.979
7.219 3.683 -0.998 -0.000 0.000 0.010 7.219 0.979
7.256 3.673 -0.998 0.000 0.000 0.010 7.256 0.979
7.293 3.663 -0.998 -0.000 0.000 0.010 7.293 0.979
7.329 3.654 -0.998 0.000 0.000 0.010 7.329 0.979
7.366 3.644 -0.998 0.000 0.000 0.010 7.366 0.979
7.402 3.634 -0.998 -0.000 0.000 0.010 7.402 0.979
7.438 3.624 -0.998 0.000 0.000 0.010 7.438 0.979
7.474 3.614 -0.998 0.000 0.000 0.010 7.474 0.979
7.510 3.604 -0.998 0.000 0.000 0.010 7.510 0.979
7.546 3.594 -0.998 -0.000 0.000 0.010 7.546 0.979
7.582 3.584 -0.998 0.000 0.000 0.010 7.582 0.979
7.618 3.574 -0.998 -0.000 0.000 0.010 7.618 0.979
7.654 3.564 -0.998 0.000 0.000 0.010 7.654 0.979
7.689 3.554 -0.998 -0.000 0.000 0.010 7.689 0.979
7.725 3.544 -0.998 0.000 0.000 0.010 7.725 0.979
7.760 3.534 -0.998 -0.000 0.000 0.010 7.760 0.979
7.795 3.524 -0.998 0.000 0.000 0.010 7.795 0.979
7.830 3.514 -0.998 0.000 0.000 0.010 7.830 0.979
7.865 3.504 -0.998 0.000 0.000 0.010 7.865 0.979
7.900 3.494 -0.998 -0.000 0.000 0.010 7.900 0.979
7.935 3.484 -0.998 0.000 0.000 0.010 7.935 0.979
7.970 3.474 -0.998 0.000 0.000 0.010 7.970 0.979
8.004 3.464 -0.998 -0.000 0.000 0.010 8.004 0.979
8.039 3.454 -0.998 0.000 0.000 0.010 8.039 0.979
8.073 3.444 -0.998 0.000 0.000 0.010 8.073 0.979
8.108 3.434 -0.998 -0.000 0.000 0.010 8.108 0.979
8.142 3.424 -0.998 0.000 0.000 0.010 8.142 0.979
8.176 3.414 -0.998 0.000 0.000 0.010 8.176 0.979
8.210 3.404 -0.998 0.000 0.000 0.010 8.210 0.979
8.244 3.394 -0.998 -0.000 0.000 0.010 8.244 0.979
8.278 3.384 -0.998 0.000 0.000 0.010 8.278 0.979
8.312 3.374 -0.998 -0.000 0.000 0.010 8.312 0.979
8.345 3.364 -0.998 0.000 0.000 0.010 8.345 0.979
8.379 3.354 -0.998 0.000 0.000 0.010 8.379 0.979
8.412 3.344 -0.998 -0.000 0.000 0.010 8.412 0.979
8.446 3.334 -0.998 -0.000 0.000 0.010 8.446 0.979
8.479 3.324 -0.998 0.000 0.000 0.010 8.479 0.979
8.512 3.314 -0.998 0.000 0.000 0.010 8.512 0.979
8.545 3.304 -0.998 -0.000 0.000 0.010 8.545 0.979
8.578 3.294 -0.998 0.000 0.000 0.010 8.578 0.979
8.611 3.284 -0.998 -0.000 0.000 0.010 8.611 0.979
8.644 3.274 -0.998 0.000 0.000 0.010 8.644 0.979
8.676 3.264 -0.998 0.000 0.000 0.010 8.676 0.979
8.709 3.254 -0.998 0.000 0.000 0.010 8.709 0.979
8.741 3.244 -0.998 0.000 0.000 0.010 8.741 0.979
8.774 3.234 -0.998 -0.000 0.000 0.010 8.774 0.979
8.806 3.224 -0.998 0.000 0.000 0.010 8.806 0.979
8.838 3.214 -0.998 -0.000 0.000 0.010 8.838 0.979
8.870 3.205 -0.998 0.000 0.000 0.010 8.870 0.979
8.902 3.195 -0.998 0.000 0.000 0.010 8.902 0.979
8.934 3.185 -0.998 0.000 0.000 0.010 8.934 0.979
8.966 3.175 -0.998 -0.000 0.000 0.010 8.966 0.979
8.997 3.165 -0.998 0.000 0.000 0.010 8.997 0.979
9.029 3.155 -0.998 -0.000 0.000 0.010 9.029 0.979
9.060 3.145 -0.998 -0.000 0.000 0.010 9.060 0.979
9.092 3.135 -0.998 0.000 0.000 0.010 9.092 0.979
9.123 3.125 -0.998 -0.000 0.000 0.010 9.123 0.979
9.154 3.115 -0.998 -0.000 0.000 0.010 9.154 0.979
9.185 3.105 -0.998 0.000 0.000 0.010 9.185 0.979
9.216 3.095 -0.998 -0.000 0.000 0.010 9.216 0.979
9.247 3.085 -0.998 -0.000 0.000 0.010 9.247 0.979
9.278 3.075 -0.998 0.000 0.000 0.010 9.278 0.979
9.308 3.065 -0.998 0.000 0.000 0.010 9.308 0.979
9.339 3.055 -0.998 -0.000 0.000 0.010 9.339 0.979
9.369 3.045 -0.998 0.000 0.000 0.010 9.369 0.979
9.400 3.035 -0.998 -0.000 0.000 0.010 9.400 0.979
9.430 3.025 -0.998 0.000 0.000 0.010 9.430 0.979
9.460 3.015 -0.998 0.000 0.000 0.010 9.460 0.979
9.490 3.005 -0.998 0.000 0.000 0.010 9.490 0.979
9.520 2.995 -0.998 0.000 0.000 0.010 9.520 0.979
9.550 2.985 -0.998 -0.000 0.000 0.010 9.550 0.979
9.580 2.975 -0.998 0.000 0.000 0.010 9.580 0.979
9.609 2.965 -0.998 -0.000 0.000 0.010 9.609 0.979
9.639 2.955 -0.998 0.000 0.000 0.010 9.639 0.979
9.668 2.945 -0.998 -0.000 0.000 0.010 9.668 0.979
9.698 2.935 -0.998 0.000 0.000 0.010 9.698 0.979
9.727 2.925 -0.998 -0.000 0.000 0.010 9.727 0.979
9.756 2.915 -0.998 -0.000 0.000 0.010 9.756 0.979
9.785 2.905 -0.998 0.000 0.000 0.010 9.785 0.979
9.814 2.895 -0.998 -0.000 0.000 0.010 9.814 0.979
9.843 2.885 -0.998 0.000 0.000 0.010 9.843 0.979
9.872 2.875 -0.998 -0.000 0.000 0.010 9.872 0.979
9.900 2.865 -0.998 0.000 0.000 0.010 9.900 0.979
9.929 2.855 -0.998 0.000 0.000 0.010 9.929 0.979
9.957 2.845 -0.998 -0.000 0.000 0.010 9.957 0.979
9.986 2.835 -0.998 0.000 0.000 0.010 9.986 0.979
10.014 2.825 -0.998 -0.000 0.000 0.010 10.014 0.979
10.042 2.815 -0.998 0.000 0.000 0.010 10.042 0.979
10.070 2.805 -0.998 0.000 0.000 0.010 10.070 0.979
10.098 2.795 -0.998 0.000 0.000 0.010 10.098 0.979
10.126 2.785 -0.998 0.000 0.000 0.010 10.126 0.979
10.154 2.775 -0.998 -0.000 0.000 0.010 10.154 0.979
10.181 2.765 -0.998 0.000 0.000 0.010 10.181 0.979
10.209 2.756 -0.998 0.000 0.000 0.010 10.209 0.979
10.236 2.746 -0.998 -0.000 0.000 0.010 10.236 0.979
10.264 2.736 -0.998 0.000 0.000 0.010 10.264 0.979
10.291 2.726 -0.998 -0.000 0.000 0.010 10.291 0.979
10.318 2.716 -0.998 0.000 0.000 0.010 10.318 0.979
10.345 2.706 -0.998 -0.000 0.000 0.010 10.345 0.979
10.372 2.696 -0.998 0.000 0.000 0.010 10.372 0.979
10.399 2.686 -0.998 -0.000 0.000 0.010 10.399 0.979
10.426 2.676 -0.998 0.000 0.000 0.010 10.426 0.979
10.452 2.666 -0.998 -0.000 0.000 0.010 10.452 0.979
10.479 2.656 -0.998 0.000 0.000 0.010 10.479 0.979
10.505 2.646 -0.998 -0.000 0.000 0.010 10.505 0.979
10.532 2.636 -0.998 0.000 0.000 0.010 10.532 0.979
10.558 2.626 -0.998 -0.000 0.000 0.010 10.558 0.979
10.584 2.616 -0.998 0.000 0.000 0.010 10.584 0.979
10.610 2.606 -0.998 0.000 0.000 0.010 10.610 0.979
10.636 2.596 -0.998 -0.000 0.000 0.010 10.636 0.979
10.662 2.586 -0.998 -0.000 0.000 0.010 10.662 0.979
10.688 2.576 -0.998 0.000 0.000 0.010 10.688 0.979
10.713 2.566 -0.998 -0.000 0.000 0.010 10.713 0.979
10.739 2.556 -0.998 0.000 0.000 0.010 10.739 0.979
10.764 2.546 -0.998 0.000 0.000 0.010 10.764 0.979
10.790 2.536 -0.998 0.000 0.000 0.010 10.790 0.979
10.815 2.526 -0.998 -0.000 0.000 0.010 10.815 0.979
10.840 2.516 -0.998 0.000 0.000 0.010 10.840 0.979
10.865 2.506 -0.998 -0.000 0.000 0.010 10.865 0.979
10.890 2.496 -0.998 0.000 0.000 0.010 10.890 0.979
10.915 2.486 -0.998 -0.000 0.000 0.010 10.915 0.979
10.940 2.476 -0.998 0.000 0.000 0.010 10.940 0.979
10.965 2.466 -0.998 0.000 0.000 0.010 10.965 0.979
10.989 2.456 -0.998 -0.000 0.000 0.010 10.989 0.979
11.014 2.446 -0.998 0.000 0.000 0.010 11.014 0.979
11.038 2.436 -0.998 -0.000 0.000 0.010 11.038 0.979
11.062 2.426 -0.998 0.000 0.000 0.010 11.062 0.979
11.086 2.416 -0.998 -0.000 0.000 0.010 11.086 0.979
11.110 2.406 -0.998 0.000 0.000 0.010 11.110 0.979
11.134 2.396 -0.998 0.000 0.000 0.010 11.134 0.979
11.158 2.386 -0.998 -0.000 0.000 0.010 11.158 0.979
11.182 2.376 -0.998 0.000 0.000 0.010 11.182 0.979
11.206 2.366 -0.998 -0.000 0.000 0.010 11.206 0.979
11.229 2.356 -0.998 0.000 0.000 0.010 11.229 0.979
11.253 2.346 -0.998 0.000 0.000 0.010 11.253 0.979
11.276 2.336 -0.998 0.000 0.000 0.010 11.276 0.979
11.299 2.326 -0.998 -0.000 0.000 0.010 11.299 0.979
11.322 2.317 -0.998 0.000 0.000 0.010 11.322 0.979
11.346 2.307 -0.998 0.000 0.000 0.010 11.346 0.979
11.369 2.297 -0.998 -0.000 0.000 0.010 11.369 0.979
11.391 2.287 -0.998 -0.000 0.000 0.010 11.391 0.979
11.414 2.277 -0.998 0.000 0.000 0.010 11.414 0.979
11.437 2.267 -0.998 -0.000 0.000 0.010 11.437 0.979
11.459 2.257 -0.998 0.000 0.000 0.010 11.459 0.979
11.482 2.247 -0.998 -0.000 0.000 0.010 11.482 0.979
11.504 2.237 -0.998 0.000 0.000 0.010 11.504 0.979
11.526 2.227 -0.998 0.000 0.000 0.010 11.526 0.979
11.549 2.217 -0.998 -0.000 0.000 0.010 11.549 0.979
11.571 2.207 -0.998 0.000 0.000 0.010 11.571 0.979
11.593 2.197 -0.998 0.000 0.000 0.010 11.593 0.979
11.615 2.187 -0.998 -0.000 0.000 0.010 11.615 0.979
11.636 2.177 -0.998 0.000 0.000 0.010 11.636 0.979
11.658 2.167 -0.998 0.000 0.000 0.010 11.658 0.979
11.680 2.157 -0.998 0.000 0.000 0.010 11.680 0.979
11.701 2.147 -0.998 -0.000 0.000 0.010 11.701 0.979
11.722 2.137 -0.998 0.000 0.000 0.010 11.722 0.979
11.744 2.127 -0.998 -0.000 0.000 0.010 11.744 0.979
11.765 2.117 -0.998 0.000 0.000 0.010 11.765 0.979
11.786 2.107 -0.998 0.000 0.000 0.010 11.786 0.979
11.807 2.097 -0.998 0.000 0.000 0.010 11.807 0.979
11.828 2.087 -0.998 -0.000 0.000 0.010 11.828 0.979
11.849 2.077 -0.998 0.000 0.000 0.010 11.849 0.979
11.869 2.067 -0.998 0.000 0.000 0.010 11.869 0.979
11.890 2.057 -0.998 -0.000 0.000 0.010 11.890 0.979
11.910 2.047 -0.998 0.000 0.000 0.010 11.910 0.979
11.931 2.037 -0.998 -0.000 0.000 0.010 11.931 0.979
11.951 2.027 -0.998 -0.000 0.000 0.010 11.951 0.979
11.971 2.017 -0.998 0.000 0.000 0.010 11.971 0.979
11.991 2.007 -0.998 0.000 0.000 0.010 11.991 0.979
12.011 1.997 -0.998 -0.000 0.000 0.010 12.011 0.979
12.031 1.987 -0.998 0.000 0.000 0.010 12.031 0.979
12.051 1.977 -0.998 -0.000 0.000 0.010 12.051 0.979
12.070 1.967 -0.998 0.000 0.000 0.010 12.070 0.979
12.090 1.957 -0.998 0.000 0.000 0.010 12.090 0.979
12.109 1.947 -0.998 0.000 0.000 0.010 12.109 0.979
12.129 1.937 -0.998 -0.000 0.000 0.010 12.129 0.979
12.148 1.927 -0.998 0.000 0.000 0.010 12.148 0.979
12.167 1.917 -0.998 -0.000 0.000 0.010 12.167 0.979
12.186 1.907 -0.998 0.000 0.000 0.010 12.186 0.979
12.205 1.897 -0.998 -0.000 0.000 0.010 12.205 0.979
12.224 1.887 -0.998 0.000 0.000 0.010 12.224 0.979
12.243 1.877 -0.998 -0.000 0.000 0.010 12.243 0.979
12.262 1.868 -0.998 0.000 0.000 0.010 12.262 0.979
12.280 1.858 -0.998 0.000 0.000 0.010 12.280 0.979
12.299 1.848 -0.998 -0.000 0.000 0.010 12.299 0.979
12.317 1.838 -0.998 0.000 0.000 0.010 12.317 0.979
12.335 1.828 -0.998 0.000 0.000 0.010 12.335 0.979
12.354 1.818 -0.998 -0.000 0.000 0.010 12.354 0.979
12.372 1.808 -0.998 0.000 0.000 0.010 12.372 0.979
12.390 1.798 -0.998 -0.000 0.000 0.010 12.390 0.979
12.407 1.788 -0.998 0.000 0.000 0.010 12.407 0.979
12.425 1.778 -0.998 0.000 0.000 0.010 12.425 0.979
12.443 1.768 -0.998 -0.000 0.000 0.010 12.443 0.979
12.460 1.758 -0.998 0.000 0.000 0.010 12.460 0.979
12.478 1.748 -0.998 -0.000 0.000 0.010 12.478 0.979
12.495 1.738 -0.998 0.000 0.000 0.010 12.495 0.979
12.513 1.728 -0.998 -0.000 0.000 0.010 12.513 0.979
12.530 1.718 -0.998 0.000 0.000 0.010 12.530 0.979
12.547 1.708 -0.998 -0.000 0.000 0.010 12.547 0.979
12.564 1.698 -0.998 0.000 0.000 0.010 12.564 0.979
12.581 1.688 -0.998 -0.000 0.000 0.010 12.581 0.979
12.597 1.678 -0.998 0.000 0.000 0.010 12.597 0.979
12.614 1.668 -0.998 -0.000 0.000 0.010 12.614 0.979
12.631 1.658 -0.998 0.000 0.000 0.010 12.631 0.979
12.647 1.648 -0.998 -0.000 0.000 0.010 12.647 0.979
12.664 1.638 -0.998 0.000 0.000 0.010 12.664 0.979
12.680 1.628 -0.998 0.000 0.000 0.010 12.680 0.979
12.696 1.618 -0.998 -0.000 0.000 0.010 12.696 0.979
12.712 1.608 -0.998 0.000 0.000 0.010 12.712 0.979
12.728 1.598 -0.998 -0.000 0.000 0.010 12.728 0.979
12.744 1.588 -0.998 0.000 0.000 0.010 12.744 0.979
12.760 1.578 -0.998 -0.000 0.000 0.010 12.760 0.979
12.775 1.568 -0.998 0.000 0.000 0.010 12.775 0.979
12.791 1.558 -0.998 -0.000 0.000 0.010 12.791 0.979
12.807 1.548 -0.998 0.000 0.000 0.010 12.807 0.979
12.822 1.538 -0.998 -0.000 0.000 0.010 12.822 0.979
12.837 1.528 -0.998 0.000 0.000 0.010 12.837 0.979
12.852 1.518 -0.998 -0.000 0.000 0.010 12.852 0.979
12.867 1.508 -0.998 0.000 0.000 0.010 12.867 0.979
12.882 1.498 -0.998 -0.000 0.000 0.010 12.882 0.979
12.897 1.488 -0.998 0.000 0.000 0.010 12.897 0.979
12.912 1.478 -0.998 0.000 0.000 0.010 12.912 0.979
12.927 1.468 -0.998 -0.000 0.000 0.010 12.927 0.979
12.941 1.458 -0.998 0.000 0.000 0.010 12.941 0.979
12.956 1.448 -0.998 -0.000 0.000 0.010 12.956 0.979
12.970 1.438 -0.998 0.000 0.000 0.010 12.970 0.979
12.985 1.428 -0.998 0.000 0.000 0.010 12.985 0.979
12.999 1.419 -0.998 0.000 0.000 0.010 12.999 0.979
13.013 1.409 -0.998 -0.000 0.000 0.010 13.013 0.979
13.027 1.399 -0.998 0.000 0.000 0.010 13.027 0.979
13.041 1.389 -0.998 -0.000 0.000 0.010 13.041 0.979
13.054 1.379 -0.998 0.000 0.000 0.010 13.054 0.979
13.068 1.369 -0.998 -0.000 0.000 0.010 13.068 0.979
13.082 1.359 -0.998 0.000 0.000 0.010 13.082 0.979
13.095 1.349 -0.998 -0.000 0.000 0.010 13.095 0.979
13.109 1.339 -0.998 0.000 0.000 0.010 13.109 0.979
13.122 1.329 -0.998 0.000 0.000 0.010 13.122 0.979
13.135 1.319 -0.998 -0.000 0.000 0.010 13.135 0.979
13.148 1.309 -0.998 0.000 0.000 0.010 13.148 0.979
13.161 1.299 -0.998 0.000 0.000 0.010 13.161 0.979
13.174 1.289 -0.998 0.000 0.000 0.010 13.174 0.979
13.187 1.279 -0.998 -0.000 0.000 0.010 13.187 0.979
13.200 1.269 -0.998 0.000 0.000 0.010 13.200 0.979
13.212 1.259 -0.998 0.000 0.000 0.010 13.212 0.979
13.225 1.249 -0.998 -0.000 0.000 0.010 13.225 0.979
13.237 1.239 -0.998 0.000 0.000 0.010 13.237 0.979
13.249 1.229 -0.998 -0.000 0.000 0.010 13.249 0.979
13.261 1.219 -0.998 0.000 0.000 0.010 13.261 0.979
13.274 1.209 -0.998 -0.000 0.000 0.010 13.274 0.979
13.286 1.199 -0.998 0.000 0.000 0.010 13.286 0.979
13.297 1.189 -0.998 -0.000 0.000 0.010 13.297 0.979
13.309 1.179 -0.998 0.000 0.000 0.010 13.309 0.979
13.321 1.169 -0.998 -0.000 0.000 0.010 13.321 0.979
13.333 1.159 -0.998 0.000 0.000 0.010 13.333 0.979
13.344 1.149 -0.998 0.000 0.000 0.010 13.344 0.979
13.355 1.139 -0.998 -0.000 0.000 0.010 13.355 0.979
13.367 1.129 -0.998 0.000 0.000 0.010 13.367 0.979
13.378 1.119 -0.998 -0.000 0.000 0.010 13.378 0.979
13.389 1.109 -0.998 0.000 0.000 0.010 13.389 0.979
13.400 1.099 -0.998 -0.000 0.000 0.010 13.400 0.979
13.411 1.089 -0.998 0.000 0.000 0.010 13.411 0.979
13.422 1.079 -0.998 -0.000 0.000 0.010 13.422 0.979
13.432 1.069 -0.998 -0.000 0.000 0.010 13.432 0.979
13.443 1.059 -0.998 0.000 0.000 0.010 13.443 0.979
13.453 1.049 -0.998 -0.000 0.000 0.010 13.453 0.979
13.464 1.039 -0.998 0.000 0.000 0.010 13.464 0.979
13.474 1.029 -0.998 -0.000 0.000 0.010 13.474 0.979
13.484 1.019 -0.998 0.000 0.000 0.010 13.484 0.979
13.494 1.009 -0.998 0.000 0.000 0.010 13.494 0.979
13.504 0.999 -0.998 -0.000 0.000 0.010 13.504 0.979
13.514 0.989 -0.998 0.000 0.000 0.010 13.514 0.979
13.524 0.979 -0.998 0.000 0.000 0.010 13.524 0.979
13.534 0.970 -0.998 -0.000 0.000 0.010 13.534 0.979
13.543 0.960 -0.998 0.000 0.000 0.010 13.543 0.979
13.553 0.950 -0.998 0.000 0.000 0.010 13.553 0.979
13.562 0.940 -0.998 0.000 0.000 0.010 13.562 0.979
13.572 0.930 -0.998 -0.000 0.000 0.010 13.572 0.979
13.581 0.920 -0.998 0.000 0.000 0.010 13.581 0.979
13.590 0.910 -0.998 -0.000 0.000 0.010 13.590 0.979
13.599 0.900 -0.998 0.000 0.000 0.010 13.599 0.979
13.608 0.890 -0.998 0.000 0.000 0.010 13.608 0.979
13.617 0.880 -0.998 -0.000 0.000 0.010 13.617 0.979
13.625 0.870 -0.998 -0.000 0.000 0.010 13.625 0.979
13.634 0.860 -0.998 0.000 0.000 0.010 13.634 0.979
13.642 0.850 -0.998 -0.000 0.000 0.010 13.642 0.979
13.651 0.840 -0.998 0.000 0.000 0.010 13.651 0.979
13.659 0.830 -0.998 -0.000 0.000 0.010 13.659 0.979
13.667 0.820 -0.998 0.000 0.000 0.010 13.667 0.979
13.675 0.810 -0.998 -0.000 0.000 0.010 13.675 0.979
13.683 0.800 -0.998 0.000 0.000 0.010 13.683 0.979
13.691 0.790 -0.998 -0.000 0.000 0.010 13.691 0.979
13.699 0.780 -0.998 0.000 0.000 0.010 13.699 0.979
13.707 0.770 -0.998 -0.000 0.000 0.010 13.707 0.979
13.714 0.760 -0.998 -0.000 0.000 0.010 13.714 0.979
13.722 0.750 -0.998 0.000 0.000 0.010 13.722 0.979
13.729 0.740 -0.998 0.000 0.000 0.010 13.729 0.979
13.737 0.730 -0.998 -0.000 0.000 0.010 13.737 0.979
13.744 0.720 -0.998 0.000 0.000 0.010 13.744 0.979
13.751 0.710 -0.998 0.000 0.000 0.010 13.751 0.979
13.758 0.700 -0.998 -0.000 0.000 0.010 13.758 0.979
13.765 0.690 -0.998 0.000 0.000 0.010 13.765 0.979
13.772 0.680 -0.998 -0.000 0.000 0.010 13.772 0.979
13.778 0.670 -0.998 0.000 0.000 0.010 13.778 0.979
13.785 0.660 -0.998 -0.000 0.000 0.010 13.785 0.979
13.791 0.650 -0.998 0.000 0.000 0.010 13.791 0.979
13.798 0.640 -0.998 -0.000 0.000 0.010 13.798 0.979
13.804 0.630 -0.998 0.000 0.000 0.010 13.804 0.979
13.810 0.620 -0.998 -0.000 0.000 0.010 13.810 0.979
13.816 0.610 -0.998 0.000 0.000 0.010 13.816 0.979
13.822 0.600 -0.998 -0.000 0.000 0.010 13.822 0.979
13.828 0.590 -0.998 0.000 0.000 0.010 13.828 0.979
13.834 0.580 -0.998 -0.000 0.000 0.010 13.834 0.979
13.840 0.570 -0.998 0.000 0.000 0.010 13.840 0.979
13.845 0.560 -0.998 -0.000 0.000 0.010 13.845 0.979
13.851 0.550 -0.998 0.000 0.000 0.010 13.851 0.979
13.856 0.540 -0.998 0.000 0.000 0.010 13.856 0.979
13.862 0.530 -0.998 -0.000 0.000 0.010 13.862 0.979
13.867 0.521 -0.998 -0.000 0.000 0.010 13.867 0.979
13.872 0.511 -0.998 0.000 0.000 0.010 13.872 0.979
13.877 0.501 -0.998 -0.000 0.000 0.010 13.877 0.979
13.882 0.491 -0.998 0.000 0.000 0.010 13.882 0.979
13.887 0.481 -0.998 -0.000 0.000 0.010 13.887 0.979
13.891 0.471 -0.998 0.000 0.000 0.010 13.891 0.979
13.896 0.461 -0.998 -0.000 0.000 0.010 13.896 0.979
13.900 0.451 -0.998 0.000 0.000 0.010 13.900 0.979
13.905 0.441 -0.998 -0.000 0.000 0.010 13.905 0.979
13.909 0.431 -0.998 0.000 0.000 0.010 13.909 0.979
13.913 0.421 -0.998 0.000 0.000 0.010 13.913 0.979
13.917 0.411 -0.998 -0.000 0.000 0.010 13.917 0.979
13.921 0.401 -0.998 0.000 0.000 0.010 13.921 0.979
13.925 0.391 -0.998 0.000 0.000 0.010 13.925 0.979
13.929 0.381 -0.998 -0.000 0.000 0.010 13.929 0.979
13.933 0.371 -0.998 -0.000 0.000 0.010 13.933 0.979
13.937 0.361 -0.998 0.000 0.000 0.010 13.937 0.979
13.940 0.351 -0.998 -0.000 0.000 0.010 13.940 0.979
13.943 0.341 -0.998 0.000 0.000 0.010 13.943 0.979
13.947 0.331 -0.998 -0.000 0.000 0.010 13.947 0.979
13.950 0.321 -0.998 0.000 0.000 0.010 13.950 0.979
13.953 0.311 -0.998 -0.000 0.000 0.010 13.953 0.979
13.956 0.301 -0.998 0.000 0.000 0.010 13.956 0.979
13.959 0.291 -0.998 -0.000 0.000 0.010 13.959 0.979
13.962 0.281 -0.998 0.000 0.000 0.010 13.962 0.979
13.965 0.271 -0.998 -0.000 0.000 0.010 13.965 0.979
13.967 0.261 -0.998 0.000 0.000 0.010 13.967 0.979
13.970 0.251 -0.998 -0.000 0.000 0.010 13.970 0.979
13.972 0.241 -0.998 0.000 0.000 0.010 13.972 0.979
13.974 0.231 -0.998 -0.000 0.000 0.010 13.974 0.979
13.977 0.221 -0.998 0.000 0.000 0.010 13.977 0.979
13.979 0.211 -0.998 0.000 0.000 0.010 13.979 0.979
13.981 0.201 -0.998 0.000 0.000 0.010 13.981 0.979
13.983 0.191 -0.998 -0.000 0.000 0.010 13.983 0.979
13.984 0.181 -0.998 0.000 0.000 0.010 13.984 0.979
13.986 0.171 -0.998 0.000 0.000 0.010 13.986 0.979
13.988 0.161 -0.998 -0.000 0.000 0.010 13.988 0.979
13.989 0.151 -0.998 0.000 0.000 0.010 13.989 0.979
13.991 0.141 -0.998 0.000 0.000 0.010 13.991 0.979
13.992 0.131 -0.998 -0.000 0.000 0.010 13.992 0.979
13.993 0.121 -0.998 0.000 0.000 0.010 13.993 0.979
13.994 0.111 -0.998 0.000 0.000 0.010 13.994 0.979
13.995 0.101 -0.998 -0.000 0.000 0.010 13.995 0.979
13.996 0.091 -0.998 0.000 0.000 0.010 13.996 0.979
13.997 0.081 -0.998 -0.000 0.000 0.010 13.997 0.979
13.998 0.072 -0.998 0.000 0.000 0.010 13.998 0.979
13.998 0.062 -0.998 -0.000 0.000 0.010 13.998 0.979
13.999 0.052 -0.998 0.000 0.000 0.010 13.999 0.979
13.999 0.042 -0.998 -0.000 0.000 0.010 13.999 0.979
14.000 0.032 -0.998 0.000 0.000 0.010 14.000 0.979
14.000 0.022 -0.998 -0.000 0.000 0.010 14.000 0.979
14.000 0.012 -0.998 0.000 0.000 0.010 14.000 0.979
14.000 0.004 -0.790 20.777 0.000 0.010 14.000 0.979
14.000 0.000 -0.333 45.721 0.000 0.010 14.000 0.979
14.000 0.000 -0.042 29.112 0.000 0.010 14.000 0.979
0.000 0.005 0.499 49.889 0.000 0.010 0.000 -0.979
0.000 0.010 0.499 0.000 0.000 0.010 0.000 -0.979
0.000 0.020 0.998 49.889 0.000 0.010 0.000 -0.979
0.001 0.030 0.998 -0.000 0.000 0.010 0.001 -0.979
0.001 0.040 0.998 -0.000 0.000 0.010 0.001 -0.979
0.002 0.050 0.998 0.000 0.000 0.010 0.002 -0.979
0.002 0.060 0.998 0.000 0.000 0.010 0.002 -0.979
0.003 0.070 0.998 -0.000 0.000 0.010 0.003 -0.979
0.004 0.080 0.998 -0.000 0.000 0.010 0.004 -0.979
0.005 0.090 0.998 0.000 0.000 0.010 0.005 -0.979
0.006 0.100 0.998 -0.000 0.000 0.010 0.006 -0.979
0.007 0.110 0.998 0.000 0.000 0.010 0.007 -0.979
0.008 0.120 0.998 -0.000 0.000 0.010 0.008 -0.979
0.009 0.130 0.998 0.000 0.000 0.010 0.009 -0.979
0.011 0.140 0.998 0.000 0.000 0.010 0.011 -0.979
0.012 0.150 0.998 -0.000 0.000 0.010 0.012 -0.979
0.014 0.160 0.998 0.000 0.000 0.010 0.014 -0.979
0.015 0.170 0.998 0.000 0.000 0.010 0.015 -0.979
0.017 0.180 0.998 -0.000 0.000 0.010 0.017 -0.979
0.019 0.190 0.998 0.000 0.000 0.010 0.019 -0.979
0.021 0.200 0.998 -0.000 0.000 0.010 0.021 -0.979
0.023 0.210 0.998 0.000 0.000 0.010 0.023 -0.979
0.025 0.220 0.998 0.000 0.000 0.010 0.025 -0.979
0.028 0.229 0.998 0.000 0.000 0.010 0.028 -0.979
0.030 0.239 0.998 -0.000 0.000 0.010 0.030 -0.979
0.032 0.249 0.998 0.000 0.000 0.010 0.032 -0.979
0.035 0.259 0.998 -0.000 0.000 0.010 0.035 -0.979
0.038 0.269 0.998 0.000 0.000 0.010 0.038 -0.979
0.041 0.279 0.998 -0.000 0.000 0.010 0.041 -0.979
0.043 0.289 0.998 0.000 0.000 0.010 0.043 -0.979
0.046 0.299 0.998 -0.000 0.000 0.010 0.046 -0.979
0.050 0.309 0.998 0.000 0.000 0.010 0.050 -0.979
0.053 0.319 0.998 -0.000 0.000 0.010 0.053 -0.979
0.056 0.329 0.998 0.000 0.000 0.010 0.056 -0.979
0.059 0.339 0.998 0.000 0.000 0.010 0.059 -0.979
0.063 0.349 0.998 -0.000 0.000 0.010 0.063 -0.979
0.066 0.359 0.998 0.000 0.000 0.010 0.066 -0.979
0.070 0.369 0.998 0.000 0.000 0.010 0.070 -0.979
0.074 0.379 0.998 -0.000 0.000 0.010 0.074 -0.979
0.078 0.389 0.998 0.000 0.000 0.010 0.078 -0.979
0.082 0.399 0.998 0.000 0.000 0.010 0.082 -0.979
0.086 0.409 0.998 -0.000 0.000 0.010 0.086 -0.979
0.090 0.419 0.998 0.000 0.000 0.010 0.090 -0.979
0.094 0.429 0.998 -0.000 0.000 0.010 0.094 -0.979
0.099 0.439 0.998 0.000 0.000 0.010 0.099 -0.979
0.103 0.449 0.998 -0.000 0.000 0.010 0.103 -0.979
0.108 0.459 0.998 0.000 0.000 0.010 0.108 -0.979
0.113 0.469 0.998 0.000 0.000 0.010 0.113 -0.979
0.117 0.479 0.998 -0.000 0.000 0.010 0.117 -0.979
0.122 0.489 0.998 0.000 0.000 0.010 0.122 -0.979
0.127 0.499 0.998 -0.000 0.000 0.010 0.127 -0.979
0.132 0.509 0.998 0.000 0.000 0.010 0.132 -0.979
0.138 0.519 0.998 0.000 0.000 0.010 0.138 -0.979
0.143 0.529 0.998 -0.000 0.000 0.010 0.143 -0.979
0.148 0.539 0.998 0.000 0.000 0.010 0.148 -0.979
0.154 0.549 0.998 0.000 0.000 0.010 0.154 -0.979
0.159 0.559 0.998 0.000 0.000 0.010 0.159 -0.979
0.165 0.569 0.998 0.000 0.000 0.010 0.165 -0.979
0.171 0.579 0.998 0.000 0.000 0.010 0.171 -0.979
0.177 0.589 0.998 -0.000 0.000 0.010 0.177 -0.979
0.183 0.599 0.998 0.000 0.000 0.010 0.183 -0.979
0.189 0.609 0.998 -0.000 0.000 0.010 0.189 -0.979
0.195 0.619 0.998 0.000 0.000 0.010 0.195 -0.979
0.201 0.629 0.998 0.000 0.000 0.010 0.201 -0.979
0.208 0.639 0.998 -0.000 0.000 0.010 0.208 -0.979
0.214 0.649 0.998 0.000 0.000 0.010 0.214 -0.979
0.221 0.659 0.998 -0.000 0.000 0.010 0.221 -0.979
0.227 0.669 0.998 0.000 0.000 0.010 0.227 -0.979
0.234 0.678 0.998 0.000 0.000 0.010 0.234 -0.979
0.241 0.688 0.998 0.000 0.000 0.010 0.241 -0.979
0.248 0.698 0.998 -0.000 0.000 0.010 0.248 -0.979
0.255 0.708 0.998 0.000 0.000 0.010 0.255 -0.979
0.262 0.718 0.998 -0.000 0.000 0.010 0.262 -0.979
0.270 0.728 0.998 0.000 0.000 0.010 0.270 -0.979
0.277 0.738 0.998 0.000 0.000 0.010 0.277 -0.979
0.284 0.748 0.998 -0.000 0.000 0.010 0.284 -0.979
0.292 0.758 0.998 0.000 0.000 0.010 0.292 -0.979
0.300 0.768 0.998 0.000 0.000 0.010 0.300 -0.979
0.307 0.778 0.998 0.000 0.000 0.010 0.307 -0.979
0.315 0.788 0.998 -0.000 0.000 0.010 0.315 -0.979
0.323 0.798 0.998 0.000 0.000 0.010 0.323 -0.979
0.331 0.808 0.998 -0.000 0.000 0.010 0.331 -0.979
0.340 0.818 0.998 0.000 0.000 0.010 0.340 -0.979
0.348 0.828 0.998 -0.000 0.000 0.010 0.348 -0.979
0.356 0.838 0.998 0.000 0.000 0.010 0.356 -0.979
0.365 0.848 0.998 0.000 0.000 0.010 0.365 -0.979
0.373 0.858 0.998 -0.000 0.000 0.010 0.373 -0.979
0.382 0.868 0.998 0.000 0.000 0.010 0.382 -0.979
0.391 0.878 0.998 0.000 0.000 0.010 0.391 -0.979
0.400 0.888 0.998 -0.000 0.000 0.010 0.400 -0.979
0.409 0.898 0.998 0.000 0.000 0.010 0.409 -0.979
0.418 0.908 0.998 0.000 0.000 0.010 0.418 -0.979
0.427 0.918 0.998 -0.000 0.000 0.010 0.427 -0.979
0.436 0.928 0.998 0.000 0.000 0.010 0.436 -0.979
0.446 0.938 0.998 -0.000 0.000 0.010 0.446 -0.979
0.455 0.948 0.998 0.000 0.000 0.010 0.455 -0.979
0.465 0.958 0.998 0.000 0.000 0.010 0.465 -0.979
0.474 0.968 0.998 0.000 0.000 0.010 0.474 -0.979
0.484 0.978 0.998 -0.000 0.000 0.010 0.484 -0.979
0.494 0.988 0.998 0.000 0.000 0.010 0.494 -0.979
0.504 0.998 0.998 -0.000 0.000 0.010 0.504 -0.979
0.514 1.008 0.998 0.000 0.000 0.010 0.514 -0.979
0.524 1.018 0.998 -0.000 0.000 0.010 0.524 -0.979
0.534 1.028 0.998 0.000 0.000 0.010 0.534 -0.979
0.545 1.038 0.998 0.000 0.000 0.010 0.545 -0.979
0.555 1.048 0.998 -0.000 0.000 0.010 0.555 -0.979
0.566 1.058 0.998 0.000 0.000 0.010 0.566 -0.979
0.577 1.068 0.998 -0.000 0.000 0.010 0.577 -0.979
0.587 1.078 0.998 0.000 0.000 0.010 0.587 -0.979
0.598 1.088 0.998 0.000 0.000 0.010 0.598 -0.979
0.609 1.098 0.998 0.000 0.000 0.010 0.609 -0.979
0.620 1.108 0.998 0.000 0.000 0.010 0.620 -0.979
0.631 1.118 0.998 -0.000 0.000 0.010 0.631 -0.979
0.643 1.127 0.998 0.000 0.000 0.010 0.643 -0.979
0.654 1.137 0.998 0.000 0.000 0.010 0.654 -0.979
0.666 1.147 0.998 -0.000 0.000 0.010 0.666 -0.979
0.677 1.157 0.998 0.000 0.000 0.010 0.677 -0.979
0.689 1.167 0.998 0.000 0.000 0.010 0.689 -0.979
0.701 1.177 0.998 -0.000 0.000 0.010 0.701 -0.979
0.712 1.187 0.998 0.000 0.000 0.010 0.712 -0.979
0.724 1.197 0.998 0.000 0.000 0.010 0.724 -0.979
0.736 1.207 0.998 -0.000 0.000 0.010 0.736 -0.979
0.749 1.217 0.998 0.000 0.000 0.010 0.749 -0.979
0.761 1.227 0.998 -0.000 0.000 0.010 0.761 -0.979
0.773 1.237 0.998 0.000 0.000 0.010 0.773 -0.979
0.786 1.247 0.998 -0.000 0.000 0.010 0.786 -0.979
0.798 1.257 0.998 -0.000 0.000 0.010 0.798 -0.979
0.811 1.267 0.998 0.000 0.000 0.010 0.811 -0.979
0.824 1.277 0.998 -0.000 0.000 0.010 0.824 -0.979
0.837 1.287 0.998 0.000 0.000 0.010 0.837 -0.979
0.850 1.297 0.998 0.000 0.000 0.010 0.850 -0.979
0.863 1.307 0.998 -0.000 0.000 0.010 0.863 -0.979
0.876 1.317 0.998 0.000 0.000 0.010 0.876 -0.979
0.889 1.327 0.998 0.000 0.000 0.010 0.889 -0.979
0.903 1.337 0.998 -0.000 0.000 0.010 0.903 -0.979
0.916 1.347 0.998 -0.000 0.000 0.010 0.916 -0.979
0.930 1.357 0.998 0.000 0.000 0.010 0.930 -0.979
0.943 1.367 0.998 -0.000 0.000 0.010 0.943 -0.979
0.957 1.377 0.998 0.000 0.000 0.010 0.957 -0.979
0.971 1.387 0.998 -0.000 0.000 0.010 0.971 -0.979
0.985 1.397 0.998 0.000 0.000 0.010 0.985 -0.979
0.999 1.407 0.998 -0.000 0.000 0.010 0.999 -0.979
1.013 1.417 0.998 0.000 0.000 0.010 1.013 -0.979
1.027 1.427 0.998 -0.000 0.000 0.010 1.027 -0.979
1.042 1.437 0.998 0.000 0.000 0.010 1.042 -0.979
1.056 1.447 0.998 -0.000 0.000 0.010 1.056 -0.979
1.071 1.457 0.998 0.000 0.000 0.010 1.071 -0.979
1.085 1.467 0.998 -0.000 0.000 0.010 1.085 -0.979
1.100 1.477 0.998 0.000 0.000 0.010 1.100 -0.979
1.115 1.487 0.998 0.000 0.000 0.010 1.115 -0.979
1.130 1.497 0.998 -0.000 0.000 0.010 1.130 -0.979
1.145 1.507 0.998 0.000 0.000 0.010 1.145 -0.979
1.160 1.517 0.998 -0.000 0.000 0.010 1.160 -0.979
1.176 1.527 0.998 0.000 0.000 0.010 1.176 -0.979
1.191 1.537 0.998 -0.000 0.000 0.010 1.191 -0.979
1.206 1.547 0.998 -0.000 0.000 0.010 1.206 -0.979
1.222 1.557 0.998 0.000 0.000 0.010 1.222 -0.979
1.238 1.567 0.998 -0.000 0.000 0.010 1.238 -0.979
1.253 1.576 0.998 -0.000 0.000 0.010 1.253 -0.979
1.269 1.586 0.998 0.000 0.000 0.010 1.269 -0.979
1.285 1.596 0.998 0.000 0.000 0.010 1.285 -0.979
1.301 1.606 0.998 -0.000 0.000 0.010 1.301 -0.979
1.317 1.616 0.998 0.000 0.000 0.010 1.317 -0.979
1.334 1.626 0.998 -0.000 0.000 0.010 1.334 -0.979
1.350 1.636 0.998 0.000 0.000 0.010 1.350 -0.979
1.366 1.646 0.998 0.000 0.000 0.010 1.366 -0.979
1.383 1.656 0.998 -0.000 0.000 0.010 1.383 -0.979
1.400 1.666 0.998 0.000 0.000 0.010 1.400 -0.979
1.416 1.676 0.998 -0.000 0.000 0.010 1.416 -0.979
1.433 1.686 0.998 0.000 0.000 0.010 1.433 -0.979
1.450 1.696 0.998 0.000 0.000 0.010 1.450 -0.979
1.467 1.706 0.998 0.000 0.000 0.010 1.467 -0.979
1.485 1.716 0.998 -0.000 0.000 0.010 1.485 -0.979
1.502 1.726 0.998 0.000 0.000 0.010 1.502 -0.979
1.519 1.736 0.998 -0.000 0.000 0.010 1.519 -0.979
1.537 1.746 0.998 0.000 0.000 0.010 1.537 -0.979
1.554 1.756 0.998 -0.000 0.000 0.010 1.554 -0.979
1.572 1.766 0.998 0.000 0.000 0.010 1.572 -0.979
1.590 1.776 0.998 -0.000 0.000 0.010 1.590 -0.979
1.607 1.786 0.998 0.000 0.000 0.010 1.607 -0.979
1.625 1.796 0.998 -0.000 0.000 0.010 1.625 -0.979
1.643 1.806 0.998 0.000 0.000 0.010 1.643 -0.979
1.662 1.816 0.998 -0.000 0.000 0.010 1.662 -0.979
1.680 1.826 0.998 0.000 0.000 0.010 1.680 -0.979
1.698 1.836 0.998 0.000 0.000 0.010 1.698 -0.979
1.717 1.846 0.998 -0.000 0.000 0.010 1.717 -0.979
1.735 1.856 0.998 0.000 0.000 0.010 1.735 -0.979
1.754 1.866 0.998 -0.000 0.000 0.010 1.754 -0.979
1.773 1.876 0.998 -0.000 0.000 0.010 1.773 -0.979
1.792 1.886 0.998 0.000 0.000 0.010 1.792 -0.979
1.810 1.896 0.998 0.000 0.000 0.010 1.810 -0.979
1.830 1.906 0.998 0.000 0.000 0.010 1.830 -0.979
1.849 1.916 0.998 -0.000 0.000 0.010 1.849 -0.979
1.868 1.926 0.998 0.000 0.000 0.010 1.868 -0.979
1.887 1.936 0.998 0.000 0.000 0.010 1.887 -0.979
1.907 1.946 0.998 -0.000 0.000 0.010 1.907 -0.979
1.926 1.956 0.998 0.000 0.000 0.010 1.926 -0.979
1.946 1.966 0.998 0.000 0.000 0.010 1.946 -0.979
1.966 1.976 0.998 0.000 0.000 0.010 1.966 -0.979
1.986 1.986 0.998 -0.000 0.000 0.010 1.986 -0.979
2.006 1.996 0.998 0.000 0.000 0.010 2.006 -0.979
2.026 2.006 0.998 -0.000 0.000 0.010 2.026 -0.979
2.046 2.016 0.998 0.000 0.000 0.010 2.046 -0.979
2.066 2.025 0.998 -0.000 0.000 0.010 2.066 -0.979
2.086 2.035 0.998 0.000 0.000 0.010 2.086 -0.979
2.107 2.045 0.998 0.000 0.000 0.010 2.107 -0.979
2.127 2.055 0.998 -0.000 0.000 0.010 2.127 -0.979
2.148 2.065 0.998 0.000 0.000 0.010 2.148 -0.979
2.169 2.075 0.998 0.000 0.000 0.010 2.169 -0.979
2.190 2.085 0.998 -0.000 0.000 0.010 2.190 -0.979
2.211 2.095 0.998 0.000 0.000 0.010 2.211 -0.979
2.232 2.105 0.998 -0.000 0.000 0.010 2.232 -0.979
2.253 2.115 0.998 0.000 0.000 0.010 2.253 -0.979
2.274 2.125 0.998 -0.000 0.000 0.010 2.274 -0.979
2.295 2.135 0.998 0.000 0.000 0.010 2.295 -0.979
2.317 2.145 0.998 0.000 0.000 0.010 2.317 -0.979
2.338 2.155 0.998 0.000 0.000 0.010 2.338 -0.979
2.360 2.165 0.998 0.000 0.000 0.010 2.360 -0.979
2.382 2.175 0.998 0.000 0.000 0.010 2.382 -0.979
2.404 2.185 0.998 0.000 0.000 0.010 2.404 -0.979
2.426 2.195 0.998 0.000 0.000 0.010 2.426 -0.979
2.448 2.205 0.998 0.000 0.000 0.010 2.448 -0.979
2.470 2.215 0.998 0.000 0.000 0.010 2.470 -0.979
2.492 2.225 0.998 0.000 0.000 0.010 2.492 -0.979
2.514 2.235 0.998 -0.000 0.000 0.010 2.514 -0.979
2.537 2.245 0.998 0.000 0.000 0.010 2.537 -0.979
2.559 2.255 0.998 -0.000 0.000 0.010 2.559 -0.979
2.582 2.265 0.998 0.000 0.000 0.010 2.582 -0.979
2.605 2.275 0.998 0.000 0.000 0.010 2.605 -0.979
2.628 2.285 0.998 0.000 0.000 0.010 2.628 -0.979
2.651 2.295 0.998 -0.000 0.000 0.010 2.651 -0.979
2.674 2.305 0.998 0.000 0.000 0.010 2.674 -0.979
2.697 2.315 0.998 0.000 0.000 0.010 2.697 -0.979
2.720 2.325 0.998 -0.000 0.000 0.010 2.720 -0.979
2.743 2.335 0.998 0.000 0.000 0.010 2.743 -0.979
2.767 2.345 0.998 0.000 0.000 0.010 2.767 -0.979
2.790 2.355 0.998 -0.000 0.000 0.010 2.790 -0.979
2.814 2.365 0.998 0.000 0.000 0.010 2.814 -0.979
2.838 2.375 0.998 0.000 0.000 0.010 2.838 -0.979
2.862 2.385 0.998 -0.000 0.000 0.010 2.862 -0.979
2.886 2.395 0.998 -0.000 0.000 0.010 2.886 -0.979
2.910 2.405 0.998 0.000 0.000 0.010 2.910 -0.979
2.934 2.415 0.998 -0.000 0.000 0.010 2.934 -0.979
2.958 2.425 0.998 0.000 0.000 0.010 2.958 -0.979
2.982 2.435 0.998 0.000 0.000 0.010 2.982 -0.979
3.007 2.445 0.998 -0.000 0.000 0.010 3.007 -0.979
3.031 2.455 0.998 0.000 0.000 0.010 3.031 -0.979
3.056 2.464 0.998 -0.000 0.000 0.010 3.056 -0.979
3.081 2.474 0.998 0.000 0.000 0.010 3.081 -0.979
3.106 2.484 0.998 -0.000 0.000 0.010 3.106 -0.979
3.131 2.494 0.998 0.000 0.000 0.010 3.131 -0.979
3.156 2.504 0.998 -0.000 0.000 0.010 3.156 -0.979
3.181 2.514 0.998 0.000 0.000 0.010 3.181 -0.979
3.206 2.524 0.998 -0.000 0.000 0.010 3.206 -0.979
3.231 2.534 0.998 -0.000 0.000 0.010 3.231 -0.979
3.257 2.544 0.998 0.000 0.000 0.010 3.257 -0.979
3.282 2.554 0.998 0.000 0.000 0.010 3.282 -0.979
3.308 2.564 0.998 -0.000 0.000 0.010 3.308 -0.979
3.334 2.574 0.998 0.000 0.000 0.010 3.334 -0.979
3.360 2.584 0.998 -0.000 0.000 0.010 3.360 -0.979
3.385 2.594 0.998 0.000 0.000 0.010 3.385 -0.979
3.412 2.604 0.998 -0.000 0.000 0.010 3.412 -0.979
3.438 2.614 0.998 0.000 0.000 0.010 3.438 -0.979
3.464 2.624 0.998 0.000 0.000 0.010 3.464 -0.979
3.490 2.634 0.998 0.000 0.000 0.010 3.490 -0.979
3.517 2.644 0.998 0.000 0.000 0.010 3.517 -0.979
3.543 2.654 0.998 -0.000 0.000 0.010 3.543 -0.979
3.570 2.664 0.998 -0.000 0.000 0.010 3.570 -0.979
3.597 2.674 0.998 0.000 0.000 0.010 3.597 -0.979
3.623 2.684 0.998 -0.000 0.000 0.010 3.623 -0.979
3.650 2.694 0.998 0.000 0.000 0.010 3.650 -0.979
3.677 2.704 0.998 -0.000 0.000 0.010 3.677 -0.979
3.705 2.714 0.998 -0.000 0.000 0.010 3.705 -0.979
3.732 2.724 0.998 0.000 0.000 0.010 3.732 -0.979
3.759 2.734 0.998 -0.000 0.000 0.010 3.759 -0.979
3.787 2.744 0.998 -0.000 0.000 0.010 3.787 -0.979
3.814 2.754 0.998 0.000 0.000 0.010 3.814 -0.979
3.842 2.764 0.998 -0.000 0.000 0.010 3.842 -0.979
3.869 2.774 0.998 0.000 0.000 0.010 3.869 -0.979
3.897 2.784 0.998 -0.000 0.000 0.010 3.897 -0.979
3.925 2.794 0.998 -0.000 0.000 0.010 3.925 -0.979
3.953 2.804 0.998 0.000 0.000 0.010 3.953 -0.979
3.981 2.814 0.998 -0.000 0.000 0.010 3.981 -0.979
4.010 2.824 0.998 0.000 0.000 0.010 4.010 -0.979
4.038 2.834 0.998 -0.000 0.000 0.010 4.038 -0.979
4.066 2.844 0.998 -0.000 0.000 0.010 4.066 -0.979
4.095 2.854 0.998 0.000 0.000 0.010 4.095 -0.979
4.124 2.864 0.998 -0.000 0.000 0.010 4.124 -0.979
4.152 2.874 0.998 0.000 0.000 0.010 4.152 -0.979
4.181 2.884 0.998 -0.000 0.000 0.010 4.181 -0.979
4.210 2.894 0.998 0.000 0.000 0.010 4.210 -0.979
4.239 2.904 0.998 -0.000 0.000 0.010 4.239 -0.979
4.268 2.913 0.998 0.000 0.000 0.010 4.268 -0.979
4.298 2.923 0.998 0.000 0.000 0.010 4.298 -0.979
4.327 2.933 0.998 0.000 0.000 0.010 4.327 -0.979
4.356 2.943 0.998 0.000 0.000 0.010 4.356 -0.979
4.386 2.953 0.998 -0.000 0.000 0.010 4.386 -0.979
4.415 2.963 0.998 0.000 0.000 0.010 4.415 -0.979
4.445 2.973 0.998 -0.000 0.000 0.010 4.445 -0.979
4.475 2.983 0.998 0.000 0.000 0.010 4.475 -0.979
4.505 2.993 0.998 0.000 0.000 0.010 4.505 -0.979
4.535 3.003 0.998 -0.000 0.000 0.010 4.535 -0.979
4.565 3.013 0.998 0.000 0.000 0.010 4.565 -0.979
4.595 3.023 0.998 -0.000 0.000 0.010 4.595 -0.979
4.626 3.033 0.998 0.000 0.000 0.010 4.626 -0.979
4.656 3.043 0.998 -0.000 0.000 0.010 4.656 -0.979
4.687 3.053 0.998 0.000 0.000 0.010 4.687 -0.979
4.717 3.063 0.998 -0.000 0.000 0.010 4.717 -0.979
4.748 3.073 0.998 0.000 0.000 0.010 4.748 -0.979
4.779 3.083 0.998 0.000 0.000 0.010 4.779 -0.979
4.810 3.093 0.998 -0.000 0.000 0.010 4.810 -0.979
4.841 3.103 0.998 0.000 0.000 0.010 4.841 -0.979
4.872 3.113 0.998 0.000 0.000 0.010 4.872 -0.979
4.903 3.123 0.998 -0.000 0.000 0.010 4.903 -0.979
4.935 3.133 0.998 0.000 0.000 0.010 4.935 -0.979
4.966 3.143 0.998 -0.000 0.000 0.010 4.966 -0.979
4.997 3.153 0.998 0.000 0.000 0.010 4.997 -0.979
5.029 3.163 0.998 0.000 0.000 0.010 5.029 -0.979
5.061 3.173 0.998 -0.000 0.000 0.010 5.061 -0.979
5.093 3.183 0.998 0.000 0.000 0.010 5.093 -0.979
5.125 3.193 0.998 0.000 0.000 0.010 5.125 -0.979
5.157 3.203 0.998 0.000 0.000 0.010 5.157 -0.979
5.189 3.213 0.998 -0.000 0.000 0.010 5.189 -0.979
5.221 3.223 0.998 0.000 0.000 0.010 5.221 -0.979
5.253 3.233 0.998 -0.000 0.000 0.010 5.253 -0.979
5.286 3.243 0.998 -0.000 0.000 0.010 5.286 -0.979
5.318 3.253 0.998 0.000 0.000 0.010 5.318 -0.979
5.351 3.263 0.998 -0.000 0.000 0.010 5.351 -0.979
5.384 3.273 0.998 0.000 0.000 0.010 5.384 -0.979
5.416 3.283 0.998 0.000 0.000 0.010 5.416 -0.979
5.449 3.293 0.998 0.000 0.000 0.010 5.449 -0.979
5.482 3.303 0.998 0.000 0.000 0.010 5.482 -0.979
5.516 3.313 0.998 -0.000 0.000 0.010 5.516 -0.979
5.549 3.323 0.998 0.000 0.000 0.010 5.549 -0.979
5.582 3.333 0.998 -0.000 0.000 0.010 5.582 -0.979
5.615 3.343 0.998 0.000 0.000 0.010 5.615 -0.979
5.649 3.353 0.998 0.000 0.000 0.010 5.649 -0.979
5.683 3.362 0.998 0.000 0.000 0.010 5.683 -0.979
5.716 3.372 0.998 0.000 0.000 0.010 5.716 -0.979
5.750 3.382 0.998 0.000 0.000 0.010 5.750 -0.979
5.784 3.392 0.998 0.000 0.000 0.010 5.784 -0.979
5.818 3.402 0.998 0.000 0.000 0.010 5.818 -0.979
5.852 3.412 0.998 -0.000 0.000 0.010 5.852 -0.979
5.886 3.422 0.998 0.000 0.000 0.010 5.886 -0.979
5.921 3.432 0.998 -0.000 0.000 0.010 5.921 -0.979
5.955 3.442 0.998 -0.000 0.000 0.010 5.955 -0.979
5.990 3.452 0.998 0.000 0.000 0.010 5.990 -0.979
6.024 3.462 0.998 -0.000 0.000 0.010 6.024 -0.979
6.059 3.472 0.998 0.000 0.000 0.010 6.059 -0.979
6.094 3.482 0.998 -0.000 0.000 0.010 6.094 -0.979
6.129 3.492 0.998 0.000 0.000 0.010 6.129 -0.979
6.164 3.502 0.998 -0.000 0.000 0.010 6.164 -0.979
6.199 3.512 0.998 0.000 0.000 0.010 6.199 -0.979
6.234 3.522 0.998 -0.000 0.000 0.010 6.234 -0.979
6.270 3.532 0.998 0.000 0.000 0.010 6.270 -0.979
6.305 3.542 0.998 -0.000 0.000 0.010 6.305 -0.979
6.340 3.552 0.998 0.000 0.000 0.010 6.340 -0.979
6.376 3.562 0.998 -0.000 0.000 0.010 6.376 -0.979
6.412 3.572 0.998 0.000 0.000 0.010 6.412 -0.979
6.448 3.582 0.998 0.000 0.000 0.010 6.448 -0.979
6.484 3.592 0.998 -0.000 0.000 0.010 6.484 -0.979
6.520 3.602 0.998 0.000 0.000 0.010 6.520 -0.979
6.556 3.612 0.998 -0.000 0.000 0.010 6.556 -0.979
6.592 3.622 0.998 0.000 0.000 0.010 6.592 -0.979
6.628 3.632 0.998 0.000 0.000 0.010 6.628 -0.979
6.665 3.642 0.998 -0.000 0.000 0.010 6.665 -0.979
6.701 3.652 0.998 0.000 0.000 0.010 6.701 -0.979
6.738 3.662 0.998 -0.000 0.000 0.010 6.738 -0.979
6.775 3.672 0.998 -0.000 0.000 0.010 6.775 -0.979
6.811 3.682 0.998 0.000 0.000 0.010 6.811 -0.979
6.848 3.692 0.998 -0.000 0.000 0.010 6.848 -0.979
6.885 3.702 0.998 0.000 0.000 0.010 6.885 -0.979
6.922 3.712 0.998 -0.000 0.000 0.010 6.922 -0.979
6.960 3.722 0.998 0.000 0.000 0.010 6.960 -0.979
6.997 3.729 0.748 -24.944 0.000 0.010 6.997 -0.979
7.034 3.730 0.042 -70.665 0.000 0.010 7.034 -0.979
7.071 3.723 -0.665 -70.665 0.000 0.010 7.071 -0.979
7.109 3.713 -0.956 -29.112 0.000 0.010 7.109 -0.979
7.146 3.703 -0.998 -4.168 0.000 0.010 7.146 -0.979
7.183 3.693 -0.998 0.000 0.000 0.010 7.183 -0.979
7.219 3.683 -0.998 -0.000 0.000 0.010 7.219 -0.979
7.256 3.673 -0.998 0.000 0.000 0.010 7.256 -0.979
7.293 3.663 -0.998 -0.000 0.000 0.010 7.293 -0.979
7.329 3.654 -0.998 0.000 0.000 0.010 7.329 -0.979
7.366 3.644 -0.998 0.000 0.000 0.010 7.366 -0.979
7.402 3.634 -0.998 -0.000 0.000 0.010 7.402 -0.979
7.438 3.624 -0.998 0.000 0.000 0.010 7.438 -0.979
7.474 3.614 -0.998 0.000 0.000 0.010 7.474 -0.979
7.510 3.604 -0.998 0.000 0.000 0.010 7.510 -0.979
7.546 3.594 -0.998 -0.000 0.000 0.010 7.546 -0.979
7.582 3.584 -0.998 0.000 0.000 0.010 7.582 -0.979
7.618 3.574 -0.998 -0.000 0.000 0.010 7.618 -0.979
7.654 3.564 -0.998 0.000 0.000 0.010 7.654 -0.979
7.689 3.554 -0.998 -0.000 0.000 0.010 7.689 -0.979
7.725 3.544 -0.998 0.000 0.000 0.010 7.725 -0.979
7.760 3.534 -0.998 -0.000 0.000 0.010 7.760 -0.979
7.795 3.524 -0.998 0.000 0.000 0.010 7.795 -0.979
7.830 3.514 -0.998 0.000 0.000 0.010 7.830 -0.979
7.865 3.504 -0.998 0.000 0.000 0.010 7.865 -0.979
7.900 3.494 -0.998 -0.000 0.000 0.010 7.900 -0.979
7.935 3.484 -0.998 0.000 0.000 0.010 7.935 -0.979
7.970 3.474 -0.998 0.000 0.000 0.010 7.970 -0.979
8.004 3.464 -0.998 -0.000 0.000 0.010 8.004 -0.979
8.039 3.454 -0.998 0.000 0.000 0.010 8.039 -0.979
8.073 3.444 -0.998 0.000 0.000 0.010 8.073 -0.979
8.108 3.434 -0.998 -0.000 0.000 0.010 8.108 -0.979
8.142 3.424 -0.998 0.000 0.000 0.010 8.142 -0.979
8.176 3.414 -0.998 0.000 0.000 0.010 8.176 -0.979
8.210 3.404 -0.998 0.000 0.000 0.010 8.210 -0.979
8.244 3.394 -0.998 -0.000 0.000 0.010 8.244 -0.979
8.278 3.384 -0.998 0.000 0.000 0.010 8.278 -0.979
8.312 3.374 -0.998 -0.000 0.000 0.010 8.312 -0.979
8.345 3.364 -0.998 0.000 0.000 0.010 8.345 -0.979
8.379 3.354 -0.998 0.000 0.000 0.010 8.379 -0.979
8.412 3.344 -0.998 -0.000 0.000 0.010 8.412 -0.979
8.446 3.334 -0.998 -0.000 0.000 0.010 8.446 -0.979
8.479 3.324 -0.998 0.000 0.000 0.010 8.479 -0.979
8.512 3.314 -0.998 0.000 0.000 0.010 8.512 -0.979
8.545 3.304 -0.998 -0.000 0.000 0.010 8.545 -0.979
8.578 3.294 -0.998 0.000 0.000 0.010 8.578 -0.979
8.611 3.284 -0.998 -0.000 0.000 0.010 8.611 -0.979
8.644 3.274 -0.998 0.000 0.000 0.010 8.644 -0.979
8.676 3.264 -0.998 0.000 0.000 0.010 8.676 -0.979
8.709 3.254 -0.998 0.000 0.000 0.010 8.709 -0.979
8.741 3.244 -0.998 0.000 0.000 0.010 8.741 -0.979
8.774 3.234 -0.998 -0.000 0.000 0.010 8.774 -0.979
8.806 3.224 -0.998 0.000 0.000 0.010 8.806 -0.979
8.838 3.214 -0.998 -0.000 0.000 0.010 8.838 -0.979
8.870 3.205 -0.998 0.000 0.000 0.010 8.870 -0.979
8.902 3.195 -0.998 0.000 0.000 0.010 8.902 -0.979
8.934 3.185 -0.998 0.000 0.000 0.010 8.934 -0.979
8.966 3.175 -0.998 -0.000 0.000 0.010 8.966 -0.979
8.997 3.165 -0.998 0.000 0.000 0.010 8.997 -0.979
9.029 3.155 -0.998 -0.000 0.000 0.010 9.029 -0.979
9.060 3.145 -0.998 -0.000 0.000 0.010 9.060 -0.979
9.092 3.135 -0.998 0.000 0.000 0.010 9.092 -0.979
9.123 3.125 -0.998 -0.000 0.000 0.010 9.123 -0.979
9.154 3.115 -0.998 -0.000 0.000 0.010 9.154 -0.979
9.185 3.105 -0.998 0.000 0.000 0.010 9.185 -0.979
9.216 3.095 -0.998 -0.000 0.000 0.010 9.216 -0.979
9.247 3.085 -0.998 -0.000 0.000 0.010 9.247 -0.979
9.278 3.075 -0.998 0.000 0.000 0.010 9.278 -0.979
9.308 3.065 -0.998 0.000 0.000 0.010 9.308 -0.979
9.339 3.055 -0.998 -0.000 0.000 0.010 9.339 -0.979
9.369 3.045 -0.998 0.000 0.000 0.010 9.369 -0.979
9.400 3.035 -0.998 -0.000 0.000 0.010 9.400 -0.979
9.430 3.025 -0.998 0.000 0.000 0.010 9.430 -0.979
9.460 3.015 -0.998 0.000 0.000 0.010 9.460 -0.979
9.490 3.005 -0.998 0.000 0.000 0.010 9.490 -0.979
9.520 2.995 -0.998 0.000 0.000 0.010 9.520 -0.979
9.550 2.985 -0.998 -0.000 0.000 0.010 9.550 -0.979
9.580 2.975 -0.998 0.000 0.000 0.010 9.580 -0.979
9.609 2.965 -0.998 -0.000 0.000 0.010 9.609 -0.979
9.639 2.955 -0.998 0.000 0.000 0.010 9.639 -0.979
9.668 2.945 -0.998 -0.000 0.000 0.010 9.668 -0.979
9.698 2.935 -0.998 0.000 0.000 0.010 9.698 -0.979
9.727 2.925 -0.998 -0.000 0.000 0.010 9.727 -0.979
9.756 2.915 -0.998 -0.000 0.000 0.010 9.756 -0.979
9.785 2.905 -0.998 0.000 0.000 0.010 9.785 -0.979
9.814 2.895 -0.998 -0.000 0.000 0.010 9.814 -0.979
9.843 2.885 -0.998 0.000 0.000 0.010 9.843 -0.979
9.872 2.875 -0.998 -0.000 0.000 0.010 9.872 -0.979
9.900 2.865 -0.998 0.000 0.000 0.010 9.900 -0.979
9.929 2.855 -0.998 0.000 0.000 0.010 9.929 -0.979
9.957 2.845 -0.998 -0.000 0.000 0.010 9.957 -0.979
9.986 2.835 -0.998 0.000 0.000 0.010 9.986 -0.979
10.014 2.825 -0.998 -0.000 0.000 0.010 10.014 -0.979
10.042 2.815 -0.998 0.000 0.000 0.010 10.042 -0.979
10.070 2.805 -0.998 0.000 0.000 0.010 10.070 -0.979
10.098 2.795 -0.998 0.000 0.000 0.010 10.098 -0.979
10.126 2.785 -0.998 0.000 0.000 0.010 10.126 -0.979
10.154 2.775 -0.998 -0.000 0.000 0.010 10.154 -0.979
10.181 2.765 -0.998 0.000 0.000 0.010 10.181 -0.979
10.209 2.756 -0.998 0.000 0.000 0.010 10.209 -0.979
10.236 2.746 -0.998 -0.000 0.000 0.010 10.236 -0.979
10.264 2.736 -0.998 0.000 0.000 0.010 10.264 -0.979
10.291 2.726 -0.998 -0.000 0.000 0.010 10.291 -0.979
10.318 2.716 -0.998 0.000 0.000 0.010 10.318 -0.979
10.345 2.706 -0.998 -0.000 0.000 0.010 10.345 -0.979
10.372 2.696 -0.998 0.000 0.000 0.010 10.372 -0.979
10.399 2.686 -0.998 -0.000 0.000 0.010 10.399 -0.979
10.426 2.676 -0.998 0.000 0.000 0.010 10.426 -0.979
10.452 2.666 -0.998 -0.000 0.000 0.010 10.452 -0.979
10.479 2.656 -0.998 0.000 0.000 0.010 10.479 -0.979
10.505 2.646 -0.998 -0.000 0.000 0.010 10.505 -0.979
10.532 2.636 -0.998 0.000 0.000 0.010 10.532 -0.979
10.558 2.626 -0.998 -0.000 0.000 0.010 10.558 -0.979
10.584 2.616 -0.998 0.000 0.000 0.010 10.584 -0.979
10.610 2.606 -0.998 0.000 0.000 0.010 10.610 -0.979
10.636 2.596 -0.998 -0.000 0.000 0.010 10.636 -0.979
10.662 2.586 -0.998 -0.000 0.000 0.010 10.662 -0.979
10.688 2.576 -0.998 0.000 0.000 0.010 10.688 -0.979
10.713 2.566 -0.998 -0.000 0.000 0.010 10.713 -0.979
10.739 2.556 -0.998 0.000 0.000 0.010 10.739 -0.979
10.764 2.546 -0.998 0.000 0.000 0.010 10.764 -0.979
10.790 2.536 -0.998 0.000 0.000 0.010 10.790 -0.979
10.815 2.526 -0.998 -0.000 0.000 0.010 10.815 -0.979
10.840 2.516 -0.998 0.000 0.000 0.010 10.840 -0.979
10.865 2.506 -0.998 -0.000 0.000 0.010 10.865 -0.979
10.890 2.496 -0.998 0.000 0.000 0.010 10.890 -0.979
10.915 2.486 -0.998 -0.000 0.000 0.010 10.915 -0.979
10.940 2.476 -0.998 0.000 0.000 0.010 10.940 -0.979
10.965 2.466 -0.998 0.000 0.000 0.010 10.965 -0.979
10.989 2.456 -0.998 -0.000 0.000 0.010 10.989 -0.979
11.014 2.446 -0.998 0.000 0.000 0.010 11.014 -0.979
11.038 2.436 -0.998 -0.000 0.000 0.010 11.038 -0.979
11.062 2.426 -0.998 0.000 0.000 0.010 11.062 -0.979
11.086 2.416 -0.998 -0.000 0.000 0.010 11.086 -0.979
11.110 2.406 -0.998 0.000 0.000 0.010 11.110 -0.979
11.134 2.396 -0.998 0.000 0.000 0.010 11.134 -0.979
11.158 2.386 -0.998 -0.000 0.000 0.010 11.158 -0.979
11.182 2.376 -0.998 0.000 0.000 0.010 11.182 -0.979
11.206 2.366 -0.998 -0.000 0.000 0.010 11.206 -0.979
11.229 2.356 -0.998 0.000 0.000 0.010 11.229 -0.979
11.253 2.346 -0.998 0.000 0.000 0.010 11.253 -0.979
11.276 2.336 -0.998 0.000 0.000 0.010 11.276 -0.979
11.299 2.326 -0.998 -0.000 0.000 0.010 11.299 -0.979
11.322 2.317 -0.998 0.000 0.000 0.010 11.322 -0.979
11.346 2.307 -0.998 0.000 0.000 0.010 11.346 -0.979
11.369 2.297 -0.998 -0.000 0.000 0.010 11.369 -0.979
11.391 2.287 -0.998 -0.000 0.000 0.010 11.391 -0.979
11.414 2.277 -0.998 0.000 0.000 0.010 11.414 -0.979
11.437 2.267 -0.998 -0.000 0.000 0.010 11.437 -0.979
11.459 2.257 -0.998 0.000 0.000 0.010 11.459 -0.979
11.482 2.247 -0.998 -0.000 0.000 0.010 11.482 -0.979
11.504 2.237 -0.998 0.000 0.000 0.010 11.504 -0.979
11.526 2.227 -0.998 0.000 0.000 0.010 11.526 -0.979
11.549 2.217 -0.998 -0.000 0.000 0.010 11.549 -0.979
11.571 2.207 -0.998 0.000 0.000 0.010 11.571 -0.979
11.593 2.197 -0.998 0.000 0.000 0.010 11.593 -0.979
11.615 2.187 -0.998 -0.000 0.000 0.010 11.615 -0.979
11.636 2.177 -0.998 0.000 0.000 0.010 11.636 -0.979
11.658 2.167 -0.998 0.000 0.000 0.010 11.658 -0.979
11.680 2.157 -0.998 0.000 0.000 0.010 11.680 -0.979
11.701 2.147 -0.998 -0.000 0.000 0.010 11.701 -0.979
11.722 2.137 -0.998 0.000 0.000 0.010 11.722 -0.979
11.744 2.127 -0.998 -0.000 0.000 0.010 11.744 -0.979
11.765 2.117 -0.998 0.000 0.000 0.010 11.765 -0.979
11.786 2.107 -0.998 0.000 0.000 0.010 11.786 -0.979
11.807 2.097 -0.998 0.000 0.000 0.010 11.807 -0.979
11.828 2.087 -0.998 -0.000 0.000 0.010 11.828 -0.979
11.849 2.077 -0.998 0.000 0.000 0.010 11.849 -0.979
11.869 2.067 -0.998 0.000 0.000 0.010 11.869 -0.979
11.890 2.057 -0.998 -0.000 0.000 0.010 11.890 -0.979
11.910 2.047 -0.998 0.000 0.000 0.010 11.910 -0.979
11.931 2.037 -0.998 -0.000 0.000 0.010 11.931 -0.979
11.951 2.027 -0.998 -0.000 0.000 0.010 11.951 -0.979
11.971 2.017 -0.998 0.000 0.000 0.010 11.971 -0.979
11.991 2.007 -0.998 0.000 0.000 0.010 11.991 -0.979
12.011 1.997 -0.998 -0.000 0.000 0.010 12.011 -0.979
12.031 1.987 -0.998 0.000 0.000 0.010 12.031 -0.979
12.051 1.977 -0.998 -0.000 0.000 0.010 12.051 -0.979
12.070 1.967 -0.998 0.000 0.000 0.010 12.070 -0.979
12.090 1.957 -0.998 0.000 0.000 0.010 12.090 -0.979
12.109 1.947 -0.998 0.000 0.000 0.010 12.109 -0.979
12.129 1.937 -0.998 -0.000 0.000 0.010 12.129 -0.979
12.148 1.927 -0.998 0.000 0.000 0.010 12.148 -0.979
12.167 1.917 -0.998 -0.000 0.000 0.010 12.167 -0.979
12.186 1.907 -0.998 0.000 0.000 0.010 12.186 -0.979
12.205 1.897 -0.998 -0.000 0.000 0.010 12.205 -0.979
12.224 1.887 -0.998 0.000 0.000 0.010 12.224 -0.979
12.243 1.877 -0.998 -0.000 0.000 0.010 12.243 -0.979
12.262 1.868 -0.998 0.000 0.000 0.010 12.262 -0.979
12.280 1.858 -0.998 0.000 0.000 0.010 12.280 -0.979
12.299 1.848 -0.998 -0.000 0.000 0.010 12.299 -0.979
12.317 1.838 -0.998 0.000 0.000 0.010 12.317 -0.979
12.335 1.828 -0.998 0.000 0.000 0.010 12.335 -0.979
12.354 1.818 -0.998 -0.000 0.000 0.010 12.354 -0.979
12.372 1.808 -0.998 0.000 0.000 0.010 12.372 -0.979
12.390 1.798 -0.998 -0.000 0.000 0.010 12.390 -0.979
12.407 1.788 -0.998 0.000 0.000 0.010 12.407 -0.979
12.425 1.778 -0.998 0.000 0.000 0.010 12.425 -0.979
12.443 1.768 -0.998 -0.000 0.000 0.010 12.443 -0.979
12.460 1.758 -0.998 0.000 0.000 0.010 12.460 -0.979
12.478 1.748 -0.998 -0.000 0.000 0.010 12.478 -0.979
12.495 1.738 -0.998 0.000 0.000 0.010 12.495 -0.979
12.513 1.728 -0.998 -0.000 0.000 0.010 12.513 -0.979
12.530 1.718 -0.998 0.000 0.000 0.010 12.530 -0.979
12.547 1.708 -0.998 -0.000 0.000 0.010 12.547 -0.979
12.564 1.698 -0.998 0.000 0.000 0.010 12.564 -0.979
12.581 1.688 -0.998 -0.000 0.000 0.010 12.581 -0.979
12.597 1.678 -0.998 0.000 0.000 0.010 12.597 -0.979
12.614 1.668 -0.998 -0.000 0.000 0.010 12.614 -0.979
12.631 1.658 -0.998 0.000 0.000 0.010 12.631 -0.979
12.647 1.648 -0.998 -0.000 0.000 0.010 12.647 -0.979
12.664 1.638 -0.998 0.000 0.000 0.010 12.664 -0.979
12.680 1.628 -0.998 0.000 0.000 0.010 12.680 -0.979
12.696 1.618 -0.998 -0.000 0.000 0.010 12.696 -0.979
12.712 1.608 -0.998 0.000 0.000 0.010 12.712 -0.979
12.728 1.598 -0.998 -0.000 0.000 0.010 12.728 -0.979
12.744 1.588 -0.998 0.000 0.000 0.010 12.744 -0.979
12.760 1.578 -0.998 -0.000 0.000 0.010 12.760 -0.979
12.775 1.568 -0.998 0.000 0.000 0.010 12.775 -0.979
12.791 1.558 -0.998 -0.000 0.000 0.010 12.791 -0.979
12.807 1.548 -0.998 0.000 0.000 0.010 12.807 -0.979
12.822 1.538 -0.998 -0.000 0.000 0.010 12.822 -0.979
12.837 1.528 -0.998 0.000 0.000 0.010 12.837 -0.979
12.852 1.518 -0.998 -0.000 0.000 0.010 12.852 -0.979
12.867 1.508 -0.998 0.000 0.000 0.010 12.867 -0.979
12.882 1.498 -0.998 -0.000 0.000 0.010 12.882 -0.979
12.897 1.488 -0.998 0.000 0.000 0.010 12.897 -0.979
12.912 1.478 -0.998 0.000 0.000 0.010 12.912 -0.979
12.927 1.468 -0.998 -0.000 0.000 0.010 12.927 -0.979
12.941 1.458 -0.998 0.000 0.000 0.010 12.941 -0.979
12.956 1.448 -0.998 -0.000 0.000 0.010 12.956 -0.979
12.970 1.438 -0.998 0.000 0.000 0.010 12.970 -0.979
12.985 1.428 -0.998 0.000 0.000 0.010 12.985 -0.979
12.999 1.419 -0.998 0.000 0.000 0.010 12.999 -0.979
13.013 1.409 -0.998 -0.000 0.000 0.010 13.013 -0.979
13.027 1.399 -0.998 0.000 0.000 0.010 13.027 -0.979
13.041 1.389 -0.998 -0.000 0.000 0.010 13.041 -0.979
13.054 1.379 -0.998 0.000 0.000 0.010 13.054 -0.979
13.068 1.369 -0.998 -0.000 0.000 0.010 13.068 -0.979
13.082 1.359 -0.998 0.000 0.000 0.010 13.082 -0.979
13.095 1.349 -0.998 -0.000 0.000 0.010 13.095 -0.979
13.109 1.339 -0.998 0.000 0.000 0.010 13.109 -0.979
13.122 1.329 -0.998 0.000 0.000 0.010 13.122 -0.979
13.135 1.319 -0.998 -0.000 0.000 0.010 13.135 -0.979
13.148 1.309 -0.998 0.000 0.000 0.010 13.148 -0.979
13.161 1.299 -0.998 0.000 0.000 0.010 13.161 -0.979
13.174 1.289 -0.998 0.000 0.000 0.010 13.174 -0.979
13.187 1.279 -0.998 -0.000 0.000 0.010 13.187 -0.979
13.200 1.269 -0.998 0.000 0.000 0.010 13.200 -0.979
13.212 1.259 -0.998 0.000 0.000 0.010 13.212 -0.979
13.225 1.249 -0.998 -0.000 0.000 0.010 13.225 -0.979
13.237 1.239 -0.998 0.000 0.000 0.010 13.237 -0.979
13.249 1.229 -0.998 -0.000 0.000 0.010 13.249 -0.979
13.261 1.219 -0.998 0.000 0.000 0.010 13.261 -0.979
13.274 1.209 -0.998 -0.000 0.000 0.010 13.274 -0.979
13.286 1.199 -0.998 0.000 0.000 0.010 13.286 -0.979
13.297 1.189 -0.998 -0.000 0.000 0.010 13.297 -0.979
13.309 1.179 -0.998 0.000 0.000 0.010 13.309 -0.979
13.321 1.169 -0.998 -0.000 0.000 0.010 13.321 -0.979
13.333 1.159 -0.998 0.000 0.000 0.010 13.333 -0.979
13.344 1.149 -0.998 0.000 0.000 0.010 13.344 -0.979
13.355 1.139 -0.998 -0.000 0.000 0.010 13.355 -0.979
13.367 1.129 -0.998 0.000 0.000 0.010 13.367 -0.979
13.378 1.119 -0.998 -0.000 0.000 0.010 13.378 -0.979
13.389 1.109 -0.998 0.000 0.000 0.010 13.389 -0.979
13.400 1.099 -0.998 -0.000 0.000 0.010 13.400 -0.979
13.411 1.089 -0.998 0.000 0.000 0.010 13.411 -0.979
13.422 1.079 -0.998 -0.000 0.000 0.010 13.422 -0.979
13.432 1.069 -0.998 -0.000 0.000 0.010 13.432 -0.979
13.443 1.059 -0.998 0.000 0.000 0.010 13.443 -0.979
13.453 1.049 -0.998 -0.000 0.000 0.010 13.453 -0.979
13.464 1.039 -0.998 0.000 0.000 0.010 13.464 -0.979
13.474 1.029 -0.998 -0.000 0.000 0.010 13.474 -0.979
13.484 1.019 -0.998 0.000 0.000 0.010 13.484 -0.979
13.494 1.009 -0.998 0.000 0.000 0.010 13.494 -0.979
13.504 0.999 -0.998 -0.000 0.000 0.010 13.504 -0.979
13.514 0.989 -0.998 0.000 0.000 0.010 13.514 -0.979
13.524 0.979 -0.998 0.000 0.000 0.010 13.524 -0.979
13.534 0.970 -0.998 -0.000 0.000 0.010 13.534 -0.979
13.543 0.960 -0.998 0.000 0.000 0.010 13.543 -0.979
13.553 0.950 -0.998 0.000 0.000 0.010 13.553 -0.979
13.562 0.940 -0.998 0.000 0.000 0.010 13.562 -0.979
13.572 0.930 -0.998 -0.000 0.000 0.010 13.572 -0.979
13.581 0.920 -0.998 0.000 0.000 0.010 13.581 -0.979
13.590 0.910 -0.998 -0.000 0.000 0.010 13.590 -0.979
13.599 0.900 -0.998 0.000 0.000 0.010 13.599 -0.979
13.608 0.890 -0.998 0.000 0.000 0.010 13.608 -0.979
13.617 0.880 -0.998 -0.000 0.000 0.010 13.617 -0.979
13.625 0.870 -0.998 -0.000 0.000 0.010 13.625 -0.979
13.634 0.860 -0.998 0.000 0.000 0.010 13.634 -0.979
13.642 0.850 -0.998 -0.000 0.000 0.010 13.642 -0.979
13.651 0.840 -0.998 0.000 0.000 0.010 13.651 -0.979
13.659 0.830 -0.998 -0.000 0.000 0.010 13.659 -0.979
13.667 0.820 -0.998 0.000 0.000 0.010 13.667 -0.979
13.675 0.810 -0.998 -0.000 0.000 0.010 13.675 -0.979
13.683 0.800 -0.998 0.000 0.000 0.010 13.683 -0.979
13.691 0.790 -0.998 -0.000 0.000 0.010 13.691 -0.979
13.699 0.780 -0.998 0.000 0.000 0.010 13.699 -0.979
13.707 0.770 -0.998 -0.000 0.000 0.010 13.707 -0.979
13.714 0.760 -0.998 -0.000 0.000 0.010 13.714 -0.979
13.722 0.750 -0.998 0.000 0.000 0.010 13.722 -0.979
13.729 0.740 -0.998 0.000 0.000 0.010 13.729 -0.979
13.737 0.730 -0.998 -0.000 0.000 0.010 13.737 -0.979
13.744 0.720 -0.998 0.000 0.000 0.010 13.744 -0.979
13.751 0.710 -0.998 0.000 0.000 0.010 13.751 -0.979
13.758 0.700 -0.998 -0.000 0.000 0.010 13.758 -0.979
13.765 0.690 -0.998 0.000 0.000 0.010 13.765 -0.979
13.772 0.680 -0.998 -0.000 0.000 0.010 13.772 -0.979
13.778 0.670 -0.998 0.000 0.000 0.010 13.778 -0.979
13.785 0.660 -0.998 -0.000 0.000 0.010 13.785 -0.979
13.791 0.650 -0.998 0.000 0.000 0.010 13.791 -0.979
13.798 0.640 -0.998 -0.000 0.000 0.010 13.798 -0.979
13.804 0.630 -0.998 0.000 0.000 0.010 13.804 -0.979
13.810 0.620 -0.998 -0.000 0.000 0.010 13.810 -0.979
13.816 0.610 -0.998 0.000 0.000 0.010 13.816 -0.979
13.822 0.600 -0.998 -0.000 0.000 0.010 13.822 -0.979
13.828 0.590 -0.998 0.000 0.000 0.010 13.828 -0.979
13.834 0.580 -0.998 -0.000 0.000 0.010 13.834 -0.979
13.840 0.570 -0.998 0.000 0.000 0.010 13.840 -0.979
13.845 0.560 -0.998 -0.000 0.000 0.010 13.845 -0.979
13.851 0.550 -0.998 0.000 0.000 0.010 13.851 -0.979
13.856 0.540 -0.998 0.000 0.000 0.010 13.856 -0.979
13.862 0.530 -0.998 -0.000 0.000 0.010 13.862 -0.979
13.867 0.521 -0.998 -0.000 0.000 0.010 13.867 -0.979
13.872 0.511 -0.998 0.000 0.000 0.010 13.872 -0.979
13.877 0.501 -0.998 -0.000 0.000 0.010 13.877 -0.979
13.882 0.491 -0.998 0.000 0.000 0.010 13.882 -0.979
13.887 0.481 -0.998 -0.000 0.000 0.010 13.887 -0.979
13.891 0.471 -0.998 0.000 0.000 0.010 13.891 -0.979
13.896 0.461 -0.998 -0.000 0.000 0.010 13.896 -0.979
13.900 0.451 -0.998 0.000 0.000 0.010 13.900 -0.979
13.905 0.441 -0.998 -0.000 0.000 0.010 13.905 -0.979
13.909 0.431 -0.998 0.000 0.000 0.010 13.909 -0.979
13.913 0.421 -0.998 0.000 0.000 0.010 13.913 -0.979
13.917 0.411 -0.998 -0.000 0.000 0.010 13.917 -0.979
13.921 0.401 -0.998 0.000 0.000 0.010 13.921 -0.979
13.925 0.391 -0.998 0.000 0.000 0.010 13.925 -0.979
13.929 0.381 -0.998 -0.000 0.000 0.010 13.929 -0.979
13.933 0.371 -0.998 -0.000 0.000 0.010 13.933 -0.979
13.937 0.361 -0.998 0.000 0.000 0.010 13.937 -0.979
13.940 0.351 -0.998 -0.000 0.000 0.010 13.940 -0.979
13.943 0.341 -0.998 0.000 0.000 0.010 13.943 -0.979
13.947 0.331 -0.998 -0.000 0.000 0.010 13.947 -0.979
13.950 0.321 -0.998 0.000 0.000 0.010 13.950 -0.979
13.953 0.311 -0.998 -0.000 0.000 0.010 13.953 -0.979
13.956 0.301 -0.998 0.000 0.000 0.010 13.956 -0.979
13.959 0.291 -0.998 -0.000 0.000 0.010 13.959 -0.979
13.962 0.281 -0.998 0.000 0.000 0.010 13.962 -0.979
13.965 0.271 -0.998 -0.000 0.000 0.010 13.965 -0.979
13.967 0.261 -0.998 0.000 0.000 0.010 13.967 -0.979
13.970 0.251 -0.998 -0.000 0.000 0.010 13.970 -0.979
13.972 0.241 -0.998 0.000 0.000 0.010 13.972 -0.979
13.974 0.231 -0.998 -0.000 0.000 0.010 13.974 -0.979
13.977 0.221 -0.998 0.000 0.000 0.010 13.977 -0.979
13.979 0.211 -0.998 0.000 0.000 0.010 13.979 -0.979
13.981 0.201 -0.998 0.000 0.000 0.010 13.981 -0.979
13.983 0.191 -0.998 -0.000 0.000 0.010 13.983 -0.979
13.984 0.181 -0.998 0.000 0.000 0.010 13.984 -0.979
13.986 0.171 -0.998 0.000 0.000 0.010 13.986 -0.979
13.988 0.161 -0.998 -0.000 0.000 0.010 13.988 -0.979
13.989 0.151 -0.998 0.000 0.000 0.010 13.989 -0.979
13.991 0.141 -0.998 0.000 0.000 0.010 13.991 -0.979
13.992 0.131 -0.998 -0.000 0.000 0.010 13.992 -0.979
13.993 0.121 -0.998 0.000 0.000 0.010 13.993 -0.979
13.994 0.111 -0.998 0.000 0.000 0.010 13.994 -0.979
13.995 0.101 -0.998 -0.000 0.000 0.010 13.995 -0.979
13.996 0.091 -0.998 0.000 0.000 0.010 13.996 -0.979
13.997 0.081 -0.998 -0.000 0.000 0.010 13.997 -0.979
13.998 0.072 -0.998 0.000 0.000 0.010 13.998 -0.979
13.998 0.062 -0.998 -0.000 0.000 0.010 13.998 -0.979
13.999 0.052 -0.998 0.000 0.000 0.010 13.999 -0.979
13.999 0.042 -0.998 -0.000 0.000 0.010 13.999 -0.979
14.000 0.032 -0.998 0.000 0.000 0.010 14.000 -0.979
14.000 0.022 -0.998 -0.000 0.000 0.010 14.000 -0.979
14.000 0.012 -0.998 0.000 0.000 0.010 14.000 -0.979
14.000 0.004 -0.790 20.777 0.000 0.010 14.000 -0.979
14.000 0.000 -0.333 45.721 0.000 0.010 14.000 -0.979
14.000 0.000 -0.042 29.112 0.000 0.010 14.000 -0.979
