Straight
576
0.000 0.002 0.249 24.949 0.000 0.010 0.000 0.979
0.000 0.005 0.249 -0.000 0.000 0.010 0.000 0.979
0.000 0.011 0.624 37.423 0.000 0.010 0.000 0.979
0.000 0.020 0.873 24.948 0.000 0.010 0.000 0.979
0.001 0.030 0.998 12.472 0.000 0.010 0.001 0.979
0.001 0.040 0.998 -0.003 0.000 0.010 0.001 0.979
0.002 0.050 0.998 -0.004 0.000 0.010 0.002 0.979
0.002 0.060 0.998 -0.005 0.000 0.010 0.002 0.979
0.003 0.070 0.998 -0.006 0.000 0.010 0.003 0.979
0.004 0.080 0.998 -0.007 0.000 0.010 0.004 0.979
0.005 0.090 0.998 -0.008 0.000 0.010 0.005 0.979
0.006 0.100 0.998 -0.008 0.000 0.010 0.006 0.979
0.007 0.110 0.997 -0.009 0.000 0.010 0.007 0.979
0.008 0.120 0.997 -0.010 0.000 0.010 0.008 0.979
0.009 0.130 0.997 -0.011 0.000 0.010 0.009 0.979
0.011 0.140 0.997 -0.012 0.000 0.010 0.011 0.979
0.012 0.150 0.997 -0.013 0.000 0.010 0.012 0.979
0.014 0.160 0.997 -0.014 0.000 0.010 0.014 0.979
0.015 0.170 0.997 -0.015 0.000 0.010 0.015 0.979
0.017 0.180 0.997 -0.016 0.000 0.010 0.017 0.979
0.019 0.190 0.996 -0.017 0.000 0.010 0.019 0.979
0.021 0.199 0.996 -0.018 0.000 0.010 0.021 0.979
0.023 0.209 0.996 -0.019 0.000 0.010 0.023 0.979
0.025 0.219 0.996 -0.020 0.000 0.010 0.025 0.979
0.028 0.229 0.996 -0.020 0.000 0.010 0.028 0.979
0.030 0.239 0.995 -0.021 0.000 0.010 0.030 0.979
0.032 0.249 0.995 -0.022 0.000 0.010 0.032 0.979
0.035 0.259 0.995 -0.023 0.000 0.010 0.035 0.979
0.038 0.269 0.995 -0.024 0.000 0.010 0.038 0.979
0.041 0.279 0.994 -0.025 0.000 0.010 0.041 0.979
0.043 0.289 0.994 -0.026 0.000 0.010 0.043 0.979
0.046 0.299 0.994 -0.027 0.000 0.010 0.046 0.979
0.050 0.309 0.994 -0.028 0.000 0.010 0.050 0.979
0.053 0.319 0.993 -0.029 0.000 0.010 0.053 0.979
0.056 0.329 0.993 -0.029 0.000 0.010 0.056 0.979
0.059 0.339 0.993 -0.030 0.000 0.010 0.059 0.979
0.063 0.349 0.992 -0.031 0.000 0.010 0.063 0.979
0.066 0.359 0.992 -0.032 0.000 0.010 0.066 0.979
0.070 0.368 0.992 -0.033 0.000 0.010 0.070 0.979
0.074 0.378 0.991 -0.034 0.000 0.010 0.074 0.979
0.078 0.388 0.991 -0.035 0.000 0.010 0.078 0.979
0.082 0.398 0.991 -0.036 0.000 0.010 0.082 0.979
0.086 0.408 0.990 -0.036 0.000 0.010 0.086 0.979
0.090 0.418 0.990 -0.037 0.000 0.010 0.090 0.979
0.094 0.428 0.990 -0.038 0.000 0.010 0.094 0.979
0.099 0.438 0.989 -0.039 0.000 0.010 0.099 0.979
0.103 0.448 0.989 -0.040 0.000 0.010 0.103 0.979
0.108 0.458 0.988 -0.041 0.000 0.010 0.108 0.979
0.112 0.467 0.988 -0.042 0.000 0.010 0.112 0.979
0.117 0.477 0.988 -0.043 0.000 0.010 0.117 0.979
0.122 0.487 0.987 -0.043 0.000 0.010 0.122 0.979
0.127 0.497 0.987 -0.044 0.000 0.010 0.127 0.979
0.132 0.507 0.986 -0.045 0.000 0.010 0.132 0.979
0.137 0.517 0.986 -0.046 0.000 0.010 0.137 0.979
0.143 0.527 0.985 -0.047 0.000 0.010 0.143 0.979
0.148 0.536 0.985 -0.048 0.000 0.010 0.148 0.979
0.153 0.546 0.984 -0.049 0.000 0.010 0.153 0.979
0.159 0.556 0.984 -0.049 0.000 0.010 0.159 0.979
0.165 0.566 0.983 -0.050 0.000 0.010 0.165 0.979
0.170 0.576 0.983 -0.051 0.000 0.010 0.170 0.979
0.176 0.586 0.982 -0.052 0.000 0.010 0.176 0.979
0.182 0.595 0.982 -0.053 0.001 0.010 0.182 0.979
0.188 0.605 0.981 -0.054 0.001 0.010 0.188 0.979
0.194 0.615 0.981 -0.055 0.001 0.010 0.194 0.979
0.201 0.625 0.980 -0.055 0.001 0.010 0.201 0.979
0.207 0.635 0.980 -0.056 0.001 0.010 0.207 0.979
0.213 0.644 0.979 -0.058 0.001 0.010 0.213 0.979
0.220 0.654 0.978 -0.058 0.001 0.010 0.220 0.979
0.227 0.664 0.978 -0.059 0.001 0.010 0.227 0.979
0.233 0.674 0.977 -0.060 0.001 0.010 0.233 0.979
0.240 0.684 0.977 -0.061 0.001 0.010 0.240 0.979
0.247 0.693 0.976 -0.062 0.001 0.010 0.247 0.979
0.254 0.703 0.975 -0.063 0.001 0.010 0.254 0.979
0.261 0.713 0.975 -0.064 0.001 0.010 0.261 0.979
0.268 0.723 0.974 -0.065 0.001 0.010 0.268 0.979
0.276 0.732 0.973 -0.066 0.001 0.010 0.276 0.979
0.283 0.742 0.973 -0.067 0.001 0.010 0.283 0.979
0.291 0.752 0.972 -0.068 0.001 0.010 0.291 0.979
0.298 0.761 0.971 -0.069 0.001 0.010 0.298 0.979
0.306 0.771 0.971 -0.070 0.001 0.010 0.306 0.979
0.314 0.781 0.970 -0.071 0.002 0.010 0.314 0.979
0.322 0.791 0.969 -0.072 0.002 0.010 0.322 0.979
0.330 0.800 0.969 -0.073 0.002 0.010 0.330 0.979
0.338 0.810 0.968 -0.074 0.002 0.010 0.338 0.979
0.346 0.820 0.967 -0.075 0.002 0.010 0.346 0.979
0.354 0.829 0.966 -0.077 0.002 0.010 0.354 0.979
0.363 0.839 0.965 -0.078 0.002 0.010 0.363 0.979
0.371 0.849 0.965 -0.079 0.002 0.010 0.371 0.979
0.380 0.858 0.964 -0.080 0.002 0.010 0.380 0.979
0.389 0.868 0.963 -0.082 0.002 0.010 0.389 0.979
0.397 0.877 0.962 -0.083 0.003 0.010 0.397 0.979
0.406 0.887 0.961 -0.084 0.003 0.010 0.406 0.979
0.415 0.897 0.961 -0.085 0.003 0.010 0.415 0.979
0.424 0.906 0.960 -0.087 0.003 0.010 0.424 0.979
0.433 0.916 0.959 -0.088 0.003 0.010 0.433 0.979
0.443 0.925 0.958 -0.090 0.003 0.010 0.443 0.980
0.452 0.935 0.957 -0.091 0.003 0.010 0.452 0.980
0.461 0.945 0.956 -0.092 0.003 0.010 0.461 0.980
0.471 0.954 0.955 -0.094 0.004 0.010 0.471 0.980
0.481 0.964 0.954 -0.096 0.004 0.010 0.481 0.980
0.490 0.973 0.953 -0.097 0.004 0.010 0.490 0.980
0.500 0.983 0.952 -0.099 0.004 0.010 0.500 0.980
0.510 0.992 0.951 -0.101 0.004 0.010 0.510 0.980
0.520 1.002 0.950 -0.102 0.004 0.010 0.520 0.980
0.530 1.011 0.949 -0.105 0.004 0.010 0.530 0.980
0.540 1.021 0.948 -0.106 0.005 0.010 0.540 0.980
0.551 1.030 0.947 -0.108 0.005 0.010 0.551 0.980
0.561 1.040 0.946 -0.110 0.005 0.010 0.561 0.980
0.572 1.049 0.945 -0.112 0.005 0.010 0.572 0.980
0.582 1.059 0.944 -0.114 0.005 0.010 0.582 0.980
0.593 1.068 0.942 -0.117 0.006 0.010 0.593 0.980
0.604 1.077 0.941 -0.118 0.006 0.010 0.604 0.980
0.614 1.087 0.940 -0.121 0.006 0.010 0.614 0.980
0.625 1.096 0.939 -0.124 0.006 0.010 0.625 0.980
0.637 1.106 0.938 -0.126 0.006 0.010 0.637 0.980
0.648 1.115 0.936 -0.128 0.007 0.010 0.648 0.981
0.659 1.124 0.935 -0.131 0.007 0.010 0.659 0.981
0.670 1.134 0.934 -0.134 0.007 0.010 0.670 0.981
0.682 1.143 0.932 -0.137 0.007 0.010 0.682 0.981
0.693 1.152 0.931 -0.139 0.008 0.010 0.693 0.981
0.705 1.161 0.929 -0.143 0.008 0.010 0.705 0.981
0.717 1.171 0.928 -0.146 0.008 0.010 0.717 0.981
0.728 1.180 0.927 -0.148 0.009 0.010 0.728 0.981
0.740 1.189 0.925 -0.153 0.009 0.010 0.740 0.981
0.752 1.199 0.923 -0.155 0.009 0.010 0.752 0.981
0.764 1.208 0.922 -0.159 0.009 0.010 0.764 0.981
0.776 1.217 0.920 -0.162 0.010 0.010 0.776 0.982
0.789 1.226 0.919 -0.166 0.010 0.010 0.789 0.982
0.801 1.235 0.917 -0.170 0.010 0.010 0.801 0.982
0.813 1.244 0.915 -0.175 0.011 0.010 0.813 0.982
0.826 1.254 0.913 -0.178 0.011 0.010 0.826 0.982
0.839 1.263 0.912 -0.183 0.011 0.010 0.839 0.982
0.851 1.272 0.910 -0.188 0.012 0.010 0.851 0.982
0.864 1.281 0.908 -0.191 0.012 0.010 0.864 0.983
0.877 1.290 0.906 -0.198 0.013 0.010 0.877 0.983
0.890 1.299 0.904 -0.202 0.013 0.010 0.890 0.983
0.903 1.308 0.902 -0.208 0.013 0.010 0.903 0.983
0.916 1.317 0.900 -0.213 0.014 0.010 0.916 0.983
0.930 1.326 0.897 -0.219 0.014 0.010 0.930 0.983
0.943 1.335 0.895 -0.224 0.015 0.010 0.943 0.984
0.956 1.344 0.893 -0.230 0.015 0.010 0.956 0.984
0.970 1.353 0.890 -0.237 0.015 0.010 0.970 0.984
0.984 1.362 0.888 -0.243 0.016 0.010 0.983 0.984
0.997 1.370 0.885 -0.250 0.016 0.010 0.997 0.984
1.011 1.379 0.883 -0.257 0.017 0.010 1.011 0.985
1.025 1.388 0.880 -0.265 0.017 0.010 1.025 0.985
1.039 1.397 0.878 -0.272 0.018 0.010 1.039 0.985
1.053 1.406 0.875 -0.281 0.018 0.010 1.053 0.985
1.067 1.414 0.872 -0.289 0.019 0.010 1.067 0.986
1.081 1.423 0.869 -0.298 0.020 0.010 1.081 0.986
1.096 1.432 0.866 -0.307 0.020 0.010 1.096 0.986
1.110 1.440 0.863 -0.316 0.021 0.010 1.110 0.986
1.125 1.449 0.859 -0.326 0.021 0.010 1.124 0.987
1.139 1.457 0.856 -0.337 0.022 0.010 1.139 0.987
1.154 1.466 0.853 -0.347 0.022 0.010 1.154 0.987
1.168 1.474 0.849 -0.359 0.023 0.010 1.168 0.988
1.183 1.483 0.845 -0.371 0.024 0.010 1.183 0.988
1.198 1.491 0.841 -0.383 0.024 0.010 1.198 0.988
1.213 1.500 0.837 -0.396 0.025 0.010 1.213 0.989
1.228 1.508 0.833 -0.410 0.026 0.010 1.228 0.989
1.243 1.516 0.829 -0.423 0.027 0.010 1.243 0.990
1.259 1.525 0.825 -0.438 0.027 0.010 1.259 0.990
1.274 1.533 0.820 -0.454 0.028 0.010 1.274 0.990
1.289 1.541 0.815 -0.470 0.029 0.010 1.289 0.991
1.305 1.549 0.811 -0.487 0.030 0.010 1.305 0.991
1.321 1.557 0.806 -0.504 0.030 0.010 1.320 0.992
1.336 1.565 0.800 -0.523 0.031 0.010 1.336 0.992
1.352 1.573 0.795 -0.542 0.032 0.010 1.352 0.993
1.368 1.581 0.789 -0.564 0.033 0.010 1.368 0.993
1.384 1.589 0.783 -0.584 0.034 0.010 1.383 0.994
1.400 1.597 0.777 -0.607 0.035 0.010 1.399 0.994
1.416 1.604 0.771 -0.630 0.036 0.010 1.415 0.995
1.432 1.612 0.765 -0.656 0.037 0.010 1.432 0.996
1.448 1.620 0.758 -0.682 0.038 0.010 1.448 0.996
1.464 1.627 0.751 -0.709 0.039 0.010 1.464 0.997
1.481 1.634 0.743 -0.739 0.040 0.010 1.480 0.997
1.497 1.642 0.736 -0.769 0.041 0.010 1.497 0.998
1.513 1.649 0.728 -0.801 0.042 0.010 1.513 0.999
1.530 1.656 0.719 -0.836 0.043 0.010 1.530 0.999
1.547 1.663 0.710 -0.872 0.044 0.010 1.546 1.000
1.563 1.670 0.701 -0.910 0.045 0.010 1.563 1.001
1.580 1.677 0.692 -0.949 0.047 0.010 1.580 1.002
1.597 1.684 0.682 -0.992 0.048 0.010 1.597 1.002
1.614 1.691 0.672 -1.038 0.049 0.010 1.614 1.003
1.631 1.697 0.661 -1.085 0.050 0.010 1.630 1.004
1.648 1.704 0.649 -1.135 0.052 0.010 1.647 1.005
1.665 1.710 0.637 -1.189 0.053 0.010 1.665 1.006
1.682 1.717 0.625 -1.247 0.055 0.010 1.682 1.007
1.699 1.723 0.612 -1.305 0.056 0.010 1.699 1.008
1.717 1.729 0.598 -1.370 0.058 0.010 1.716 1.009
1.734 1.734 0.584 -1.439 0.059 0.010 1.733 1.010
1.751 1.740 0.569 -1.511 0.061 0.010 1.751 1.011
1.769 1.746 0.553 -1.588 0.062 0.010 1.768 1.012
1.786 1.751 0.536 -1.672 0.064 0.010 1.786 1.013
1.804 1.756 0.519 -1.759 0.066 0.010 1.803 1.014
1.822 1.761 0.500 -1.852 0.068 0.010 1.821 1.015
1.839 1.766 0.480 -1.953 0.069 0.010 1.838 1.017
1.857 1.771 0.460 -2.061 0.071 0.010 1.856 1.018
1.875 1.775 0.438 -2.176 0.073 0.010 1.874 1.019
1.892 1.779 0.415 -2.299 0.075 0.010 1.892 1.020
1.910 1.783 0.391 -2.432 0.077 0.010 1.909 1.022
1.928 1.787 0.365 -2.573 0.079 0.010 1.927 1.023
1.946 1.790 0.338 -2.727 0.082 0.010 1.945 1.025
1.964 1.793 0.309 -2.890 0.084 0.010 1.963 1.026
1.982 1.796 0.278 -3.070 0.086 0.010 1.981 1.028
2.000 1.798 0.246 -3.260 0.089 0.010 1.999 1.029
2.018 1.801 0.211 -3.467 0.091 0.010 2.017 1.031
2.036 1.802 0.174 -3.691 0.094 0.010 2.035 1.032
2.054 1.804 0.135 -3.934 0.096 0.010 2.053 1.034
2.072 1.805 0.093 -4.197 0.099 0.010 2.070 1.036
2.090 1.805 0.048 -4.483 0.102 0.010 2.088 1.038
2.108 1.805 -0.000 -4.791 0.105 0.010 2.106 1.040
2.126 1.805 -0.051 -5.132 0.108 0.010 2.124 1.042
2.144 1.803 -0.106 -5.499 0.111 0.010 2.142 1.044
2.162 1.802 -0.165 -5.903 0.115 0.010 2.160 1.046
2.180 1.800 -0.229 -6.344 0.118 0.010 2.178 1.048
2.198 1.797 -0.297 -6.828 0.122 0.010 2.196 1.050
2.216 1.793 -0.371 -7.356 0.125 0.010 2.214 1.052
2.234 1.788 -0.450 -7.943 0.129 0.010 2.231 1.054
2.252 1.783 -0.536 -8.584 0.133 0.010 2.249 1.057
2.270 1.777 -0.629 -9.295 0.137 0.010 2.267 1.059
2.287 1.769 -0.730 -10.079 0.142 0.010 2.284 1.061
2.305 1.761 -0.839 -10.952 0.146 0.010 2.302 1.064
2.322 1.751 -0.958 -11.917 0.151 0.010 2.319 1.067
2.340 1.741 -1.088 -12.994 0.156 0.010 2.336 1.069
2.357 1.728 -1.230 -14.195 0.161 0.010 2.353 1.072
2.374 1.714 -1.386 -15.538 0.167 0.010 2.370 1.075
2.391 1.699 -1.556 -17.046 0.172 0.010 2.387 1.078
2.408 1.681 -1.743 -18.737 0.178 0.010 2.403 1.081
2.425 1.662 -1.950 -20.645 0.185 0.010 2.420 1.084
2.441 1.640 -2.178 -22.801 0.191 0.010 2.436 1.087
2.457 1.616 -2.430 -25.246 0.198 0.010 2.452 1.090
2.473 1.589 -2.711 -28.022 0.205 0.010 2.467 1.093
2.489 1.558 -3.022 -31.188 0.213 0.010 2.483 1.096
2.504 1.525 -3.371 -34.810 0.221 0.010 2.497 1.099
2.519 1.487 -3.760 -38.964 0.230 0.010 2.512 1.103
2.533 1.445 -4.198 -43.747 0.239 0.010 2.526 1.106
2.547 1.398 -4.690 -49.272 0.249 0.010 2.540 1.109
2.561 1.346 -5.247 -55.675 0.259 0.010 2.553 1.113
2.574 1.287 -5.878 -63.125 0.270 0.010 2.565 1.116
2.586 1.221 -6.597 -71.820 0.282 0.010 2.577 1.120
2.597 1.147 -7.417 -82.008 0.295 0.010 2.588 1.123
2.608 1.063 -8.357 -93.983 0.309 0.010 2.598 1.126
2.618 0.969 -9.438 -108.109 0.324 0.010 2.607 1.129
2.626 0.862 -10.686 -124.819 0.339 0.010 2.615 1.132
2.634 0.741 -12.132 -144.642 0.357 0.010 2.622 1.134
2.640 0.603 -13.814 -168.201 0.376 0.010 2.628 1.136
2.644 0.445 -15.777 -196.232 0.396 0.010 2.632 1.138
2.647 0.264 -18.072 -229.568 0.419 0.010 2.634 1.139
2.647 0.057 -20.763 -269.103 0.443 0.010 2.635 1.139
2.649 0.183 12.615 3337.815 0.471 0.010 2.633 1.139
2.654 0.459 27.623 1500.835 0.501 0.010 2.629 1.136
2.662 0.778 31.949 432.607 0.534 0.010 2.623 1.133
2.673 1.148 36.968 501.877 0.572 0.010 2.613 1.127
2.689 1.575 42.714 574.642 0.614 0.010 2.600 1.118
2.709 2.067 49.147 643.294 0.661 0.010 2.583 1.105
2.736 2.628 56.080 693.241 0.713 0.010 2.563 1.089
2.768 3.258 63.073 699.272 0.773 0.010 2.539 1.067
2.808 3.951 69.296 622.328 0.839 0.010 2.511 1.038
2.855 4.685 73.397 410.085 0.913 0.010 2.481 1.002
2.909 5.420 73.479 8.217 0.995 0.010 2.450 0.958
2.970 6.094 67.383 -609.569 1.084 0.010 2.419 0.905
3.036 6.628 53.443 -1394.007 1.178 0.010 2.391 0.845
3.105 6.944 31.610 -2183.323 1.276 0.010 2.368 0.780
3.175 6.987 4.296 -2731.398 1.374 0.010 2.351 0.712
3.243 6.748 -23.971 -2826.692 1.470 0.010 2.341 0.646
3.305 6.265 -48.265 -2429.427 1.561 0.010 2.337 0.583
3.362 5.612 -65.265 -1699.925 1.646 0.010 2.339 0.527
3.410 4.871 -74.154 -888.982 1.723 0.010 2.345 0.479
3.451 4.109 -76.135 -198.044 1.792 0.010 2.352 0.438
3.485 3.376 -73.296 283.922 1.854 0.010 2.361 0.405
3.512 2.700 -67.685 561.051 1.909 0.010 2.369 0.380
3.533 2.091 -60.867 681.858 1.958 0.010 2.376 0.360
3.549 1.552 -53.851 701.527 2.001 0.010 2.382 0.346
3.559 1.080 -47.207 664.470 2.040 0.010 2.387 0.336
3.566 0.668 -41.199 600.750 2.075 0.010 2.390 0.330
3.569 0.309 -35.914 528.456 2.106 0.010 2.392 0.328
3.569 0.004 -30.489 542.500 2.134 0.010 2.392 0.328
3.572 0.278 27.412 5790.132 2.160 0.010 2.390 0.330
3.577 0.519 24.068 -334.387 2.183 0.010 2.387 0.334
3.585 0.731 21.213 -285.468 2.204 0.010 2.383 0.340
3.594 0.919 18.779 -243.394 2.223 0.010 2.377 0.348
3.605 1.086 16.701 -207.859 2.240 0.010 2.371 0.356
3.617 1.235 14.921 -177.953 2.257 0.010 2.363 0.366
3.631 1.369 13.330 -159.124 2.271 0.010 2.354 0.376
3.645 1.487 11.863 -146.697 2.285 0.010 2.345 0.388
3.661 1.593 10.543 -132.031 2.298 0.010 2.334 0.400
3.678 1.686 9.305 -123.757 2.309 0.010 2.323 0.412
3.696 1.767 8.170 -113.564 2.320 0.010 2.311 0.425
3.714 1.839 7.171 -99.824 2.330 0.010 2.298 0.438
3.733 1.902 6.258 -91.352 2.340 0.010 2.285 0.452
3.753 1.956 5.469 -78.868 2.348 0.010 2.271 0.466
3.773 2.005 4.840 -62.879 2.357 0.010 2.257 0.480
3.793 2.048 4.319 -52.152 2.364 0.010 2.243 0.495
3.814 2.086 3.859 -45.948 2.371 0.010 2.228 0.509
3.836 2.121 3.453 -40.628 2.378 0.010 2.213 0.524
3.857 2.152 3.092 -36.050 2.384 0.010 2.197 0.539
3.879 2.180 2.772 -32.092 2.390 0.010 2.181 0.554
3.901 2.205 2.485 -28.659 2.395 0.010 2.165 0.569
3.923 2.227 2.228 -25.667 2.400 0.010 2.149 0.584
3.946 2.247 1.998 -23.054 2.405 0.010 2.132 0.599
3.968 2.265 1.790 -20.762 2.410 0.010 2.115 0.614
3.991 2.281 1.603 -18.744 2.414 0.010 2.098 0.629
4.014 2.295 1.433 -16.963 2.418 0.010 2.081 0.645
4.037 2.308 1.279 -15.387 2.422 0.010 2.064 0.660
4.060 2.319 1.139 -13.987 2.425 0.010 2.046 0.675
4.084 2.329 1.012 -12.740 2.429 0.010 2.029 0.690
4.107 2.338 0.896 -11.627 2.432 0.010 2.011 0.706
4.130 2.346 0.789 -10.630 2.435 0.010 1.993 0.721
4.154 2.353 0.692 -9.736 2.438 0.010 1.975 0.736
4.178 2.359 0.603 -8.931 2.440 0.010 1.957 0.751
4.201 2.364 0.521 -8.206 2.443 0.010 1.939 0.767
4.225 2.369 0.445 -7.549 2.445 0.010 1.921 0.782
4.249 2.373 0.376 -6.955 2.447 0.010 1.903 0.797
4.272 2.376 0.311 -6.416 2.450 0.010 1.884 0.812
4.296 2.378 0.252 -5.926 2.451 0.010 1.866 0.827
4.320 2.380 0.197 -5.478 2.453 0.010 1.848 0.843
4.344 2.382 0.147 -5.070 2.455 0.010 1.829 0.858
4.368 2.383 0.100 -4.696 2.457 0.010 1.811 0.873
4.391 2.383 0.056 -4.354 2.458 0.010 1.792 0.888
4.415 2.383 0.016 -4.039 2.459 0.010 1.774 0.903
4.439 2.383 -0.022 -3.749 2.461 0.010 1.755 0.918
4.463 2.383 -0.056 -3.482 2.462 0.010 1.737 0.933
4.487 2.382 -0.089 -3.236 2.463 0.010 1.718 0.948
4.511 2.380 -0.119 -3.007 2.464 0.010 1.700 0.963
4.534 2.379 -0.147 -2.796 2.465 0.010 1.681 0.978
4.558 2.377 -0.173 -2.599 2.466 0.010 1.663 0.993
4.582 2.375 -0.197 -2.417 2.467 0.010 1.644 1.007
4.606 2.373 -0.220 -2.247 2.467 0.010 1.626 1.022
4.629 2.371 -0.240 -2.088 2.468 0.010 1.607 1.037
4.653 2.368 -0.260 -1.940 2.468 0.010 1.589 1.052
4.677 2.365 -0.278 -1.801 2.469 0.010 1.570 1.067
4.700 2.362 -0.295 -1.671 2.469 0.010 1.552 1.081
4.724 2.359 -0.310 -1.548 2.469 0.010 1.533 1.096
4.747 2.356 -0.324 -1.433 2.470 0.010 1.515 1.111
4.771 2.353 -0.338 -1.324 2.470 0.010 1.496 1.125
4.794 2.349 -0.350 -1.221 2.470 0.010 1.478 1.140
4.818 2.346 -0.361 -1.123 2.470 0.010 1.460 1.154
4.841 2.342 -0.371 -1.031 2.470 0.010 1.441 1.169
4.865 2.338 -0.381 -0.943 2.470 0.010 1.423 1.184
4.888 2.334 -0.389 -0.859 2.470 0.010 1.405 1.198
4.911 2.330 -0.397 -0.779 2.470 0.010 1.386 1.213
4.935 2.326 -0.404 -0.703 2.469 0.010 1.368 1.227
4.958 2.322 -0.410 -0.629 2.469 0.010 1.350 1.242
4.981 2.318 -0.416 -0.559 2.469 0.010 1.332 1.256
5.004 2.314 -0.421 -0.491 2.468 0.010 1.314 1.270
5.027 2.309 -0.425 -0.426 2.468 0.010 1.296 1.285
5.050 2.305 -0.429 -0.362 2.467 0.010 1.278 1.299
5.073 2.301 -0.432 -0.301 2.466 0.010 1.260 1.314
5.096 2.296 -0.434 -0.241 2.466 0.010 1.242 1.328
5.119 2.292 -0.436 -0.183 2.465 0.010 1.224 1.342
5.142 2.288 -0.437 -0.126 2.464 0.010 1.206 1.357
5.165 2.283 -0.438 -0.070 2.463 0.010 1.188 1.371
5.188 2.279 -0.438 -0.016 2.462 0.010 1.171 1.385
5.210 2.275 -0.438 0.038 2.461 0.010 1.153 1.400
5.233 2.270 -0.437 0.091 2.460 0.010 1.135 1.414
5.256 2.266 -0.435 0.144 2.459 0.010 1.118 1.428
5.278 2.262 -0.434 0.196 2.458 0.010 1.100 1.442
5.301 2.257 -0.431 0.248 2.457 0.010 1.083 1.457
5.323 2.253 -0.428 0.299 2.456 0.010 1.065 1.471
5.346 2.249 -0.425 0.351 2.454 0.010 1.048 1.485
5.368 2.244 -0.421 0.402 2.453 0.010 1.030 1.499
5.391 2.240 -0.416 0.454 2.452 0.010 1.013 1.514
5.413 2.236 -0.411 0.506 2.450 0.010 0.996 1.528
5.435 2.232 -0.405 0.559 2.449 0.010 0.979 1.542
5.458 2.228 -0.399 0.612 2.447 0.010 0.962 1.556
5.480 2.224 -0.393 0.666 2.445 0.010 0.945 1.571
5.502 2.220 -0.385 0.720 2.444 0.010 0.928 1.585
5.524 2.217 -0.378 0.776 2.442 0.010 0.911 1.599
5.547 2.213 -0.369 0.831 2.440 0.010 0.894 1.613
5.569 2.209 -0.360 0.889 2.438 0.010 0.877 1.628
5.591 2.206 -0.351 0.948 2.436 0.010 0.860 1.642
5.613 2.202 -0.341 1.007 2.434 0.010 0.843 1.656
5.635 2.199 -0.330 1.069 2.432 0.010 0.827 1.671
5.657 2.196 -0.319 1.132 2.430 0.010 0.810 1.685
5.679 2.193 -0.307 1.197 2.427 0.010 0.793 1.699
5.700 2.190 -0.294 1.264 2.425 0.010 0.777 1.714
5.722 2.187 -0.281 1.332 2.422 0.010 0.760 1.728
5.744 2.184 -0.267 1.404 2.420 0.010 0.744 1.743
5.766 2.182 -0.252 1.476 2.417 0.010 0.728 1.757
5.788 2.180 -0.237 1.552 2.415 0.010 0.711 1.771
5.810 2.177 -0.220 1.631 2.412 0.010 0.695 1.786
5.831 2.175 -0.203 1.712 2.409 0.010 0.679 1.800
5.853 2.173 -0.185 1.795 2.406 0.010 0.663 1.815
5.875 2.172 -0.166 1.883 2.403 0.010 0.647 1.830
5.896 2.170 -0.147 1.974 2.400 0.010 0.631 1.844
5.918 2.169 -0.126 2.067 2.397 0.010 0.615 1.859
5.940 2.168 -0.104 2.166 2.394 0.010 0.599 1.874
5.962 2.167 -0.082 2.267 2.391 0.010 0.583 1.888
5.983 2.167 -0.058 2.374 2.387 0.010 0.567 1.903
6.005 2.166 -0.033 2.484 2.384 0.010 0.551 1.918
6.027 2.166 -0.007 2.599 2.380 0.010 0.535 1.933
6.048 2.166 0.020 2.719 2.376 0.010 0.520 1.948
6.070 2.167 0.049 2.845 2.372 0.010 0.504 1.963
6.092 2.168 0.078 2.975 2.368 0.010 0.489 1.978
6.113 2.169 0.109 3.112 2.364 0.010 0.473 1.993
6.135 2.170 0.142 3.254 2.360 0.010 0.458 2.009
6.157 2.172 0.176 3.403 2.356 0.010 0.442 2.024
6.178 2.174 0.212 3.557 2.351 0.010 0.427 2.039
6.200 2.177 0.249 3.720 2.347 0.010 0.412 2.055
6.222 2.179 0.288 3.889 2.342 0.010 0.397 2.070
6.244 2.183 0.328 4.066 2.337 0.010 0.381 2.086
6.266 2.186 0.371 4.249 2.332 0.010 0.366 2.102
6.288 2.191 0.415 4.444 2.327 0.010 0.351 2.118
6.309 2.195 0.462 4.643 2.322 0.010 0.336 2.134
6.331 2.200 0.510 4.853 2.317 0.010 0.321 2.150
6.354 2.206 0.561 5.072 2.311 0.010 0.306 2.166
6.376 2.212 0.614 5.298 2.305 0.010 0.291 2.182
6.398 2.219 0.669 5.536 2.299 0.010 0.277 2.199
6.420 2.226 0.727 5.781 2.293 0.010 0.262 2.216
6.442 2.234 0.787 6.039 2.287 0.010 0.247 2.232
6.465 2.242 0.851 6.303 2.281 0.010 0.232 2.249
6.487 2.252 0.916 6.578 2.274 0.010 0.218 2.266
6.510 2.261 0.985 6.865 2.267 0.010 0.203 2.284
6.533 2.272 1.057 7.157 2.260 0.010 0.189 2.301
6.556 2.283 1.131 7.462 2.253 0.010 0.174 2.319
6.579 2.295 1.209 7.771 2.245 0.010 0.160 2.337
6.602 2.308 1.290 8.094 2.238 0.010 0.145 2.355
6.625 2.322 1.374 8.418 2.230 0.010 0.131 2.373
6.648 2.337 1.461 8.750 2.221 0.010 0.117 2.392
6.672 2.352 1.552 9.087 2.213 0.010 0.103 2.411
6.695 2.369 1.647 9.424 2.204 0.010 0.089 2.430
6.719 2.386 1.744 9.762 2.195 0.010 0.075 2.449
6.743 2.405 1.845 10.097 2.186 0.010 0.061 2.468
6.768 2.424 1.949 10.428 2.176 0.010 0.047 2.488
6.792 2.445 2.057 10.744 2.166 0.010 0.033 2.508
6.817 2.466 2.167 11.049 2.156 0.010 0.019 2.529
6.842 2.489 2.281 11.333 2.145 0.010 0.006 2.550
6.867 2.513 2.397 11.590 2.134 0.010 -0.008 2.571
6.892 2.538 2.515 11.812 2.123 0.010 -0.021 2.592
6.918 2.565 2.635 11.992 2.111 0.010 -0.035 2.614
6.944 2.592 2.756 12.120 2.099 0.010 -0.048 2.637
6.970 2.621 2.878 12.186 2.087 0.010 -0.061 2.659
6.996 2.651 2.999 12.173 2.074 0.010 -0.074 2.683
7.023 2.682 3.120 12.075 2.061 0.010 -0.087 2.706
7.050 2.714 3.239 11.870 2.047 0.010 -0.099 2.730
7.078 2.748 3.354 11.545 2.033 0.010 -0.112 2.755
7.106 2.783 3.465 11.082 2.018 0.010 -0.124 2.780
7.134 2.818 3.570 10.460 2.003 0.010 -0.136 2.805
7.162 2.855 3.666 9.661 1.988 0.010 -0.148 2.831
7.191 2.893 3.753 8.666 1.972 0.010 -0.159 2.858
7.221 2.931 3.828 7.448 1.955 0.010 -0.170 2.885
7.250 2.970 3.888 6.000 1.938 0.010 -0.181 2.912
7.280 3.009 3.930 4.289 1.920 0.010 -0.192 2.941
7.311 3.049 3.954 2.311 1.902 0.010 -0.202 2.969
7.342 3.088 3.954 0.048 1.884 0.010 -0.212 2.999
7.373 3.127 3.929 -2.505 1.865 0.010 -0.221 3.028
7.405 3.166 3.875 -5.348 1.845 0.010 -0.230 3.059
7.437 3.204 3.791 -8.476 1.825 0.010 -0.238 3.090
7.469 3.241 3.672 -11.870 1.805 0.010 -0.246 3.121
7.502 3.276 3.517 -15.503 1.784 0.010 -0.254 3.153
7.535 3.309 3.324 -19.334 1.762 0.010 -0.260 3.186
7.568 3.340 3.090 -23.317 1.740 0.010 -0.266 3.218
7.602 3.368 2.817 -27.384 1.718 0.010 -0.271 3.252
7.636 3.393 2.502 -31.459 1.696 0.010 -0.276 3.285
7.670 3.415 2.147 -35.461 1.673 0.010 -0.280 3.319
7.704 3.432 1.755 -39.293 1.649 0.010 -0.283 3.353
7.739 3.446 1.326 -42.860 1.626 0.010 -0.285 3.388
7.773 3.454 0.865 -46.064 1.602 0.010 -0.287 3.422
7.808 3.458 0.377 -48.810 1.579 0.010 -0.288 3.457
7.843 3.457 -0.133 -51.016 1.555 0.010 -0.287 3.491
7.877 3.450 -0.659 -52.607 1.531 0.010 -0.286 3.526
7.911 3.438 -1.194 -53.534 1.507 0.010 -0.285 3.560
7.946 3.421 -1.732 -53.760 1.483 0.010 -0.282 3.594
7.980 3.398 -2.265 -53.279 1.460 0.010 -0.279 3.628
8.013 3.370 -2.786 -52.102 1.436 0.010 -0.275 3.662
8.047 3.337 -3.288 -50.266 1.413 0.010 -0.270 3.695
8.080 3.300 -3.767 -47.829 1.390 0.010 -0.264 3.727
8.112 3.258 -4.215 -44.864 1.367 0.010 -0.258 3.759
8.144 3.211 -4.630 -41.459 1.345 0.010 -0.251 3.791
8.176 3.161 -5.007 -37.709 1.323 0.010 -0.244 3.821
8.207 3.108 -5.344 -33.714 1.302 0.010 -0.236 3.851
8.238 3.051 -5.640 -29.572 1.281 0.010 -0.227 3.881
8.268 2.992 -5.894 -25.375 1.260 0.010 -0.218 3.909
8.297 2.931 -6.106 -21.210 1.241 0.010 -0.209 3.937
8.326 2.869 -6.277 -17.150 1.221 0.010 -0.200 3.964
8.354 2.804 -6.410 -13.258 1.202 0.010 -0.190 3.990
8.381 2.739 -6.506 -9.585 1.184 0.010 -0.180 4.016
8.408 2.674 -6.567 -6.167 1.166 0.010 -0.169 4.041
8.434 2.608 -6.598 -3.031 1.149 0.010 -0.159 4.064
8.459 2.542 -6.600 -0.191 1.133 0.010 -0.148 4.088
8.484 2.476 -6.576 2.347 1.117 0.010 -0.138 4.110
8.508 2.411 -6.530 4.585 1.101 0.010 -0.127 4.131
8.532 2.346 -6.465 6.531 1.087 0.010 -0.116 4.152
8.554 2.282 -6.383 8.199 1.072 0.010 -0.105 4.172
8.577 2.219 -6.287 9.609 1.058 0.010 -0.095 4.192
8.598 2.158 -6.179 10.773 1.045 0.010 -0.084 4.211
8.619 2.097 -6.062 11.721 1.033 0.010 -0.073 4.229
8.639 2.038 -5.937 12.467 1.020 0.010 -0.063 4.246
8.659 1.980 -5.807 13.036 1.009 0.010 -0.052 4.263
8.679 1.923 -5.672 13.448 0.997 0.010 -0.042 4.279
8.697 1.867 -5.535 13.722 0.987 0.010 -0.032 4.295
8.715 1.813 -5.396 13.876 0.976 0.010 -0.022 4.310
8.733 1.761 -5.257 13.928 0.966 0.010 -0.012 4.324
8.750 1.710 -5.118 13.892 0.957 0.010 -0.002 4.338
8.767 1.660 -4.980 13.785 0.948 0.010 0.008 4.352
8.783 1.611 -4.844 13.615 0.939 0.010 0.017 4.365
8.798 1.564 -4.710 13.397 0.931 0.010 0.026 4.378
8.814 1.519 -4.579 13.139 0.923 0.010 0.036 4.390
8.828 1.474 -4.450 12.850 0.915 0.010 0.044 4.401
8.843 1.431 -4.325 12.537 0.908 0.010 0.053 4.413
8.857 1.389 -4.203 12.206 0.901 0.010 0.062 4.424
8.870 1.348 -4.084 11.864 0.895 0.010 0.070 4.434
8.883 1.308 -3.969 11.513 0.888 0.010 0.078 4.444
8.896 1.270 -3.858 11.159 0.882 0.010 0.086 4.454
8.908 1.232 -3.750 10.806 0.877 0.010 0.094 4.464
8.920 1.196 -3.645 10.453 0.871 0.010 0.102 4.473
8.932 1.160 -3.544 10.107 0.866 0.010 0.110 4.482
8.943 1.126 -3.446 9.766 0.861 0.010 0.117 4.490
8.954 1.092 -3.352 9.433 0.856 0.010 0.124 4.498
8.964 1.060 -3.261 9.108 0.852 0.010 0.131 4.506
8.975 1.028 -3.173 8.793 0.848 0.010 0.138 4.514
8.985 0.997 -3.088 8.488 0.844 0.010 0.144 4.522
8.994 0.967 -3.006 8.194 0.840 0.010 0.151 4.529
9.004 0.938 -2.927 7.910 0.836 0.010 0.157 4.536
9.013 0.909 -2.851 7.637 0.833 0.010 0.163 4.543
9.022 0.881 -2.777 7.375 0.830 0.010 0.169 4.549
9.030 0.854 -2.706 7.123 0.826 0.010 0.175 4.555
9.038 0.828 -2.637 6.882 0.824 0.010 0.180 4.561
9.046 0.802 -2.570 6.650 0.821 0.010 0.186 4.567
9.054 0.777 -2.506 6.430 0.818 0.010 0.191 4.573
9.062 0.753 -2.444 6.218 0.816 0.010 0.196 4.579
9.069 0.729 -2.384 6.015 0.813 0.010 0.201 4.584
9.076 0.706 -2.326 5.821 0.811 0.010 0.206 4.589
9.083 0.683 -2.269 5.636 0.809 0.010 0.211 4.594
9.090 0.661 -2.215 5.458 0.807 0.010 0.216 4.599
9.096 0.639 -2.162 5.288 0.806 0.010 0.220 4.603
9.102 0.618 -2.110 5.125 0.804 0.010 0.224 4.608
9.108 0.598 -2.061 4.968 0.802 0.010 0.228 4.612
9.114 0.577 -2.013 4.818 0.801 0.010 0.232 4.616
9.119 0.558 -1.966 4.673 0.799 0.010 0.236 4.620
9.125 0.539 -1.921 4.534 0.798 0.010 0.240 4.624
9.130 0.520 -1.877 4.400 0.797 0.010 0.244 4.628
9.135 0.502 -1.834 4.269 0.796 0.010 0.247 4.631
9.140 0.484 -1.792 4.144 0.795 0.010 0.251 4.635
9.145 0.466 -1.752 4.022 0.794 0.010 0.254 4.638
9.149 0.449 -1.713 3.904 0.793 0.010 0.257 4.641
9.153 0.432 -1.675 3.789 0.792 0.010 0.260 4.644
9.158 0.416 -1.638 3.677 0.791 0.010 0.263 4.647
9.162 0.400 -1.603 3.567 0.791 0.010 0.266 4.650
9.165 0.384 -1.568 3.459 0.790 0.010 0.268 4.653
9.169 0.369 -1.535 3.353 0.790 0.010 0.271 4.656
9.173 0.354 -1.502 3.249 0.789 0.010 0.274 4.658
9.176 0.339 -1.471 3.146 0.789 0.010 0.276 4.660
9.179 0.325 -1.440 3.045 0.788 0.010 0.278 4.663
9.182 0.310 -1.411 2.944 0.788 0.010 0.280 4.665
9.185 0.297 -1.382 2.844 0.787 0.010 0.283 4.667
9.188 0.283 -1.355 2.745 0.787 0.010 0.285 4.669
9.191 0.270 -1.329 2.646 0.787 0.010 0.286 4.671
9.193 0.257 -1.303 2.547 0.787 0.010 0.288 4.673
9.196 0.244 -1.279 2.448 0.786 0.010 0.290 4.675
9.198 0.231 -1.255 2.349 0.786 0.010 0.292 4.676
9.200 0.219 -1.233 2.250 0.786 0.010 0.293 4.678
9.202 0.207 -1.211 2.151 0.786 0.010 0.295 4.679
9.204 0.195 -1.191 2.051 0.786 0.010 0.296 4.681
9.206 0.183 -1.171 1.951 0.786 0.010 0.297 4.682
9.208 0.172 -1.153 1.850 0.786 0.010 0.298 4.683
9.210 0.161 -1.135 1.748 0.786 0.010 0.300 4.684
9.211 0.149 -1.119 1.646 0.786 0.010 0.301 4.685
9.212 0.138 -1.103 1.544 0.786 0.010 0.302 4.686
9.214 0.127 -1.089 1.440 0.785 0.010 0.303 4.687
9.215 0.117 -1.075 1.336 0.785 0.010 0.303 4.688
9.216 0.106 -1.063 1.232 0.785 0.010 0.304 4.689
9.217 0.096 -1.052 1.126 0.785 0.010 0.305 4.689
9.218 0.085 -1.042 1.020 0.785 0.010 0.305 4.690
9.218 0.075 -1.032 0.914 0.785 0.010 0.306 4.691
9.219 0.065 -1.024 0.806 0.785 0.010 0.306 4.691
9.220 0.054 -1.017 0.699 0.785 0.010 0.307 4.691
9.220 0.044 -1.012 0.591 0.785 0.010 0.307 4.692
9.220 0.034 -1.007 0.482 0.785 0.010 0.307 4.692
9.221 0.024 -1.003 0.373 0.785 0.010 0.308 4.692
9.221 0.015 -0.928 7.529 0.785 0.010 0.308 4.692
9.221 0.008 -0.729 19.891 0.785 0.010 0.308 4.692
9.221 0.003 -0.479 25.011 0.785 0.010 0.308 4.692
9.221 0.001 -0.229 24.965 0.785 0.010 0.308 4.692
9.221 0.000 -0.052 17.688 0.785 0.010 0.308 4.692
0.000 0.002 0.249 24.949 0.000 0.010 0.000 -0.979
0.000 0.005 0.249 0.000 0.000 0.010 0.000 -0.979
0.000 0.011 0.624 37.423 0.000 0.010 0.000 -0.979
0.000 0.020 0.873 24.950 0.000 0.010 0.000 -0.979
0.001 0.030 0.998 12.476 0.000 0.010 0.001 -0.979
0.001 0.040 0.998 0.003 0.000 0.010 0.001 -0.979
0.002 0.050 0.998 0.004 0.000 0.010 0.002 -0.979
0.002 0.060 0.998 0.005 0.000 0.010 0.002 -0.979
0.003 0.070 0.998 0.006 0.000 0.010 0.003 -0.979
0.004 0.080 0.998 0.007 0.000 0.010 0.004 -0.979
0.005 0.090 0.998 0.008 0.000 0.010 0.005 -0.979
0.006 0.100 0.998 0.008 0.000 0.010 0.006 -0.979
0.007 0.110 0.998 0.009 0.000 0.010 0.007 -0.979
0.008 0.120 0.999 0.010 0.000 0.010 0.008 -0.979
0.009 0.130 0.999 0.011 0.000 0.010 0.009 -0.979
0.011 0.140 0.999 0.012 0.000 0.010 0.011 -0.979
0.012 0.150 0.999 0.013 0.000 0.010 0.012 -0.979
0.014 0.160 0.999 0.014 0.000 0.010 0.014 -0.979
0.015 0.170 0.999 0.015 0.000 0.010 0.015 -0.979
0.017 0.180 0.999 0.016 0.000 0.010 0.017 -0.979
0.019 0.190 1.000 0.017 0.000 0.010 0.019 -0.979
0.021 0.200 1.000 0.018 0.000 0.010 0.021 -0.979
0.023 0.210 1.000 0.019 0.000 0.010 0.023 -0.979
0.025 0.220 1.000 0.020 0.000 0.010 0.025 -0.979
0.028 0.230 1.000 0.021 0.000 0.010 0.028 -0.979
0.030 0.240 1.001 0.021 0.000 0.010 0.030 -0.979
0.033 0.250 1.001 0.022 0.000 0.010 0.033 -0.979
0.035 0.260 1.001 0.023 0.000 0.010 0.035 -0.979
0.038 0.270 1.001 0.024 0.000 0.010 0.038 -0.979
0.041 0.280 1.001 0.025 0.000 0.010 0.041 -0.979
0.044 0.290 1.002 0.026 0.000 0.010 0.044 -0.979
0.047 0.300 1.002 0.027 0.000 0.010 0.047 -0.979
0.050 0.310 1.002 0.028 0.000 0.010 0.050 -0.979
0.053 0.320 1.003 0.029 0.000 0.010 0.053 -0.979
0.056 0.330 1.003 0.029 0.000 0.010 0.056 -0.979
0.060 0.340 1.003 0.030 0.000 0.010 0.060 -0.979
0.063 0.350 1.003 0.031 0.000 0.010 0.063 -0.979
0.067 0.360 1.004 0.032 0.000 0.010 0.067 -0.979
0.070 0.370 1.004 0.033 0.000 0.010 0.070 -0.979
0.074 0.380 1.004 0.034 0.000 0.010 0.074 -0.979
0.078 0.390 1.005 0.035 0.000 0.010 0.078 -0.979
0.082 0.400 1.005 0.036 0.000 0.010 0.082 -0.979
0.086 0.410 1.006 0.036 0.000 0.010 0.086 -0.979
0.090 0.420 1.006 0.037 0.000 0.010 0.090 -0.979
0.095 0.430 1.006 0.038 0.000 0.010 0.095 -0.979
0.099 0.440 1.007 0.039 0.000 0.010 0.099 -0.979
0.104 0.450 1.007 0.040 0.000 0.010 0.104 -0.979
0.108 0.461 1.007 0.041 0.000 0.010 0.108 -0.979
0.113 0.471 1.008 0.042 0.000 0.010 0.113 -0.979
0.118 0.481 1.008 0.042 0.000 0.010 0.118 -0.979
0.123 0.491 1.009 0.043 0.000 0.010 0.123 -0.979
0.128 0.501 1.009 0.044 0.000 0.010 0.128 -0.979
0.133 0.511 1.010 0.045 0.000 0.010 0.133 -0.979
0.138 0.521 1.010 0.046 0.000 0.010 0.138 -0.979
0.143 0.531 1.011 0.047 0.000 0.010 0.143 -0.979
0.149 0.541 1.011 0.048 0.000 0.010 0.149 -0.979
0.154 0.551 1.012 0.048 0.000 0.010 0.154 -0.979
0.160 0.562 1.012 0.050 0.000 0.010 0.160 -0.979
0.165 0.572 1.013 0.050 0.000 0.010 0.165 -0.979
0.171 0.582 1.013 0.051 0.000 0.010 0.171 -0.979
0.177 0.592 1.014 0.052 0.000 0.010 0.177 -0.979
0.183 0.602 1.014 0.053 0.001 0.010 0.183 -0.979
0.189 0.612 1.015 0.054 0.001 0.010 0.189 -0.979
0.196 0.622 1.015 0.055 0.001 0.010 0.196 -0.979
0.202 0.633 1.016 0.056 0.001 0.010 0.202 -0.979
0.208 0.643 1.016 0.056 0.001 0.010 0.208 -0.979
0.215 0.653 1.017 0.057 0.001 0.010 0.215 -0.979
0.221 0.663 1.017 0.058 0.001 0.010 0.221 -0.979
0.228 0.673 1.018 0.059 0.001 0.010 0.228 -0.979
0.235 0.683 1.019 0.060 0.001 0.010 0.235 -0.979
0.242 0.694 1.019 0.061 0.001 0.010 0.242 -0.979
0.249 0.704 1.020 0.062 0.001 0.010 0.249 -0.979
0.256 0.714 1.021 0.063 0.001 0.010 0.256 -0.979
0.263 0.724 1.021 0.064 0.001 0.010 0.263 -0.979
0.271 0.734 1.022 0.065 0.001 0.010 0.271 -0.979
0.278 0.745 1.022 0.066 0.001 0.010 0.278 -0.979
0.286 0.755 1.023 0.067 0.001 0.010 0.286 -0.979
0.293 0.765 1.024 0.068 0.001 0.010 0.293 -0.979
0.301 0.775 1.025 0.069 0.001 0.010 0.301 -0.979
0.309 0.786 1.025 0.070 0.001 0.010 0.309 -0.979
0.317 0.796 1.026 0.071 0.002 0.010 0.317 -0.979
0.325 0.806 1.027 0.072 0.002 0.010 0.325 -0.979
0.333 0.816 1.027 0.073 0.002 0.010 0.333 -0.979
0.341 0.827 1.028 0.074 0.002 0.010 0.341 -0.979
0.350 0.837 1.029 0.076 0.002 0.010 0.350 -0.979
0.358 0.847 1.030 0.077 0.002 0.010 0.358 -0.979
0.367 0.858 1.030 0.077 0.002 0.010 0.367 -0.979
0.376 0.868 1.031 0.079 0.002 0.010 0.376 -0.979
0.384 0.878 1.032 0.080 0.002 0.010 0.384 -0.979
0.393 0.889 1.033 0.081 0.002 0.010 0.393 -0.979
0.402 0.899 1.034 0.083 0.003 0.010 0.402 -0.979
0.411 0.909 1.034 0.084 0.003 0.010 0.411 -0.979
0.420 0.920 1.035 0.085 0.003 0.010 0.420 -0.979
0.430 0.930 1.036 0.087 0.003 0.010 0.430 -0.979
0.439 0.940 1.037 0.088 0.003 0.010 0.439 -0.979
0.449 0.951 1.038 0.090 0.003 0.010 0.449 -0.979
0.458 0.961 1.039 0.091 0.003 0.010 0.458 -0.979
0.468 0.972 1.040 0.093 0.003 0.010 0.468 -0.979
0.478 0.982 1.041 0.094 0.004 0.010 0.478 -0.978
0.488 0.992 1.042 0.095 0.004 0.010 0.488 -0.978
0.498 1.003 1.043 0.098 0.004 0.010 0.498 -0.978
0.508 1.013 1.044 0.099 0.004 0.010 0.508 -0.978
0.518 1.024 1.045 0.100 0.004 0.010 0.518 -0.978
0.529 1.034 1.046 0.103 0.004 0.010 0.529 -0.978
0.539 1.045 1.047 0.104 0.004 0.010 0.539 -0.978
0.550 1.055 1.048 0.106 0.005 0.010 0.550 -0.978
0.560 1.066 1.049 0.108 0.005 0.010 0.560 -0.978
0.571 1.076 1.050 0.110 0.005 0.010 0.571 -0.978
0.582 1.087 1.051 0.112 0.005 0.010 0.582 -0.978
0.593 1.097 1.052 0.114 0.005 0.010 0.593 -0.978
0.604 1.108 1.053 0.116 0.006 0.010 0.604 -0.978
0.615 1.118 1.055 0.119 0.006 0.010 0.615 -0.978
0.626 1.129 1.056 0.121 0.006 0.010 0.626 -0.978
0.638 1.139 1.057 0.123 0.006 0.010 0.638 -0.978
0.649 1.150 1.058 0.126 0.006 0.010 0.649 -0.978
0.661 1.160 1.060 0.128 0.007 0.010 0.661 -0.978
0.673 1.171 1.061 0.131 0.007 0.010 0.673 -0.977
0.684 1.182 1.062 0.134 0.007 0.010 0.684 -0.977
0.696 1.192 1.064 0.136 0.007 0.010 0.696 -0.977
0.708 1.203 1.065 0.140 0.008 0.010 0.708 -0.977
0.720 1.214 1.066 0.142 0.008 0.010 0.720 -0.977
0.733 1.224 1.068 0.145 0.008 0.010 0.733 -0.977
0.745 1.235 1.069 0.149 0.009 0.010 0.745 -0.977
0.757 1.246 1.071 0.151 0.009 0.010 0.757 -0.977
0.770 1.256 1.072 0.156 0.009 0.010 0.770 -0.977
0.783 1.267 1.074 0.159 0.009 0.010 0.783 -0.977
0.795 1.278 1.076 0.163 0.010 0.010 0.795 -0.976
0.808 1.289 1.077 0.167 0.010 0.010 0.808 -0.976
0.821 1.299 1.079 0.170 0.010 0.010 0.821 -0.976
0.834 1.310 1.081 0.174 0.011 0.010 0.834 -0.976
0.848 1.321 1.083 0.179 0.011 0.010 0.848 -0.976
0.861 1.332 1.084 0.183 0.011 0.010 0.861 -0.976
0.874 1.343 1.086 0.187 0.012 0.010 0.874 -0.976
0.888 1.354 1.088 0.193 0.012 0.010 0.888 -0.975
0.902 1.365 1.090 0.196 0.013 0.010 0.902 -0.975
0.915 1.376 1.092 0.203 0.013 0.010 0.915 -0.975
0.929 1.386 1.094 0.207 0.013 0.010 0.929 -0.975
0.943 1.397 1.096 0.213 0.014 0.010 0.943 -0.975
0.957 1.408 1.099 0.218 0.014 0.010 0.957 -0.975
0.971 1.419 1.101 0.224 0.015 0.010 0.971 -0.974
0.986 1.430 1.103 0.231 0.015 0.010 0.986 -0.974
1.000 1.442 1.105 0.236 0.015 0.010 1.000 -0.974
1.015 1.453 1.108 0.244 0.016 0.010 1.015 -0.974
1.029 1.464 1.110 0.250 0.016 0.010 1.029 -0.973
1.044 1.475 1.113 0.258 0.017 0.010 1.044 -0.973
1.059 1.486 1.116 0.264 0.017 0.010 1.059 -0.973
1.074 1.497 1.118 0.273 0.018 0.010 1.074 -0.973
1.089 1.508 1.121 0.280 0.018 0.010 1.089 -0.972
1.104 1.520 1.124 0.290 0.019 0.010 1.104 -0.972
1.120 1.531 1.127 0.298 0.020 0.010 1.119 -0.972
1.135 1.542 1.130 0.307 0.020 0.010 1.135 -0.972
1.150 1.554 1.133 0.317 0.021 0.010 1.150 -0.971
1.166 1.565 1.137 0.327 0.021 0.010 1.166 -0.971
1.182 1.576 1.140 0.337 0.022 0.010 1.182 -0.971
1.198 1.588 1.143 0.348 0.022 0.010 1.198 -0.970
1.214 1.599 1.147 0.358 0.023 0.010 1.214 -0.970
1.230 1.611 1.151 0.371 0.024 0.010 1.230 -0.969
1.246 1.622 1.155 0.383 0.024 0.010 1.246 -0.969
1.262 1.634 1.158 0.396 0.025 0.010 1.262 -0.969
1.279 1.645 1.163 0.409 0.026 0.010 1.279 -0.968
1.295 1.657 1.167 0.424 0.027 0.010 1.295 -0.968
1.312 1.669 1.171 0.438 0.027 0.010 1.312 -0.967
1.329 1.681 1.176 0.454 0.028 0.010 1.329 -0.967
1.346 1.692 1.180 0.470 0.029 0.010 1.346 -0.966
1.363 1.704 1.185 0.487 0.030 0.010 1.363 -0.966
1.380 1.716 1.190 0.504 0.030 0.010 1.380 -0.965
1.397 1.728 1.196 0.523 0.031 0.010 1.397 -0.965
1.415 1.740 1.201 0.543 0.032 0.010 1.415 -0.964
1.432 1.752 1.207 0.562 0.033 0.010 1.432 -0.964
1.450 1.764 1.212 0.584 0.034 0.010 1.450 -0.963
1.468 1.777 1.219 0.607 0.035 0.010 1.468 -0.963
1.486 1.789 1.225 0.631 0.036 0.010 1.485 -0.962
1.504 1.801 1.231 0.655 0.037 0.010 1.503 -0.961
1.522 1.813 1.238 0.682 0.038 0.010 1.522 -0.961
1.540 1.826 1.245 0.710 0.039 0.010 1.540 -0.960
1.558 1.838 1.253 0.739 0.040 0.010 1.558 -0.959
1.577 1.851 1.260 0.769 0.041 0.010 1.577 -0.958
1.596 1.864 1.268 0.802 0.042 0.010 1.595 -0.958
1.614 1.876 1.277 0.836 0.043 0.010 1.614 -0.957
1.633 1.889 1.285 0.871 0.044 0.010 1.633 -0.956
1.652 1.902 1.295 0.910 0.045 0.010 1.652 -0.955
1.671 1.915 1.304 0.950 0.047 0.010 1.671 -0.954
1.691 1.928 1.314 0.993 0.048 0.010 1.690 -0.953
1.710 1.942 1.324 1.037 0.049 0.010 1.710 -0.952
1.730 1.955 1.335 1.085 0.050 0.010 1.729 -0.951
1.749 1.969 1.347 1.136 0.052 0.010 1.749 -0.950
1.769 1.982 1.358 1.189 0.053 0.010 1.769 -0.949
1.789 1.996 1.371 1.245 0.055 0.010 1.789 -0.948
1.809 2.010 1.384 1.307 0.056 0.010 1.809 -0.947
1.829 2.024 1.398 1.370 0.058 0.010 1.829 -0.946
1.850 2.038 1.412 1.437 0.059 0.010 1.849 -0.945
1.870 2.052 1.427 1.512 0.061 0.010 1.870 -0.944
1.891 2.066 1.443 1.589 0.062 0.010 1.890 -0.942
1.912 2.081 1.460 1.670 0.064 0.010 1.911 -0.941
1.933 2.096 1.477 1.759 0.066 0.010 1.932 -0.940
1.954 2.111 1.496 1.853 0.068 0.010 1.953 -0.938
1.975 2.126 1.515 1.953 0.069 0.010 1.974 -0.937
1.997 2.141 1.536 2.060 0.071 0.010 1.996 -0.935
2.018 2.157 1.558 2.176 0.073 0.010 2.017 -0.934
2.040 2.173 1.581 2.300 0.075 0.010 2.039 -0.932
2.062 2.189 1.605 2.431 0.077 0.010 2.061 -0.931
2.084 2.205 1.631 2.574 0.079 0.010 2.083 -0.929
2.106 2.222 1.658 2.726 0.082 0.010 2.105 -0.927
2.128 2.238 1.687 2.893 0.084 0.010 2.127 -0.925
2.151 2.256 1.718 3.067 0.086 0.010 2.150 -0.923
2.174 2.273 1.750 3.261 0.089 0.010 2.172 -0.921
2.197 2.291 1.785 3.468 0.091 0.010 2.195 -0.919
2.220 2.309 1.822 3.691 0.094 0.010 2.218 -0.917
2.243 2.328 1.861 3.933 0.096 0.010 2.241 -0.915
2.266 2.347 1.903 4.196 0.099 0.010 2.265 -0.913
2.290 2.366 1.948 4.481 0.102 0.010 2.288 -0.910
2.314 2.386 1.996 4.794 0.105 0.010 2.312 -0.908
2.338 2.407 2.047 5.129 0.108 0.010 2.336 -0.905
2.362 2.428 2.102 5.500 0.111 0.010 2.360 -0.902
2.387 2.449 2.161 5.903 0.115 0.010 2.384 -0.900
2.411 2.472 2.225 6.344 0.118 0.010 2.409 -0.897
2.436 2.495 2.293 6.826 0.122 0.010 2.434 -0.894
2.462 2.518 2.367 7.360 0.125 0.010 2.459 -0.891
2.487 2.543 2.446 7.939 0.129 0.010 2.484 -0.888
2.513 2.568 2.532 8.585 0.133 0.010 2.509 -0.884
2.539 2.594 2.625 9.294 0.137 0.010 2.535 -0.881
2.565 2.622 2.726 10.081 0.142 0.010 2.561 -0.877
2.591 2.650 2.835 10.949 0.146 0.010 2.587 -0.873
2.618 2.679 2.954 11.917 0.151 0.010 2.614 -0.869
2.645 2.710 3.084 12.994 0.156 0.010 2.640 -0.865
2.673 2.743 3.226 14.195 0.161 0.010 2.667 -0.861
2.700 2.776 3.381 15.539 0.167 0.010 2.695 -0.856
2.729 2.812 3.552 17.042 0.172 0.010 2.723 -0.852
2.757 2.849 3.739 18.738 0.178 0.010 2.751 -0.847
2.786 2.889 3.946 20.645 0.185 0.010 2.779 -0.841
2.815 2.930 4.174 22.801 0.191 0.010 2.808 -0.836
2.845 2.975 4.426 25.243 0.198 0.010 2.837 -0.830
2.875 3.022 4.706 28.021 0.205 0.010 2.867 -0.824
2.906 3.072 5.018 31.189 0.213 0.010 2.897 -0.818
2.937 3.126 5.366 34.807 0.221 0.010 2.927 -0.811
2.969 3.183 5.756 38.962 0.230 0.010 2.958 -0.804
3.001 3.245 6.193 43.744 0.239 0.010 2.990 -0.796
3.035 3.312 6.686 49.269 0.249 0.010 3.022 -0.788
3.068 3.384 7.243 55.673 0.259 0.010 3.055 -0.780
3.103 3.463 7.874 63.118 0.270 0.010 3.088 -0.771
3.139 3.549 8.592 71.816 0.282 0.010 3.122 -0.761
3.175 3.643 9.412 82.001 0.295 0.010 3.157 -0.751
3.212 3.747 10.352 93.975 0.309 0.010 3.193 -0.740
3.251 3.861 11.433 108.096 0.324 0.010 3.230 -0.728
3.291 3.988 12.681 124.808 0.339 0.010 3.267 -0.715
3.332 4.129 14.127 144.623 0.357 0.010 3.306 -0.700
3.375 4.287 15.809 168.180 0.376 0.010 3.346 -0.685
3.420 4.465 17.771 196.206 0.396 0.010 3.388 -0.668
3.466 4.666 20.066 229.535 0.419 0.010 3.430 -0.650
3.515 4.893 22.757 269.072 0.443 0.010 3.475 -0.629
3.567 5.152 25.914 315.709 0.471 0.010 3.521 -0.607
3.621 5.448 29.616 370.138 0.501 0.010 3.569 -0.581
3.679 5.788 33.941 432.508 0.534 0.010 3.620 -0.553
3.741 6.177 38.958 501.741 0.572 0.010 3.672 -0.520
3.807 6.624 44.703 574.475 0.614 0.010 3.727 -0.483
3.879 7.136 51.134 643.071 0.661 0.010 3.784 -0.441
3.956 7.716 58.063 692.965 0.713 0.010 3.844 -0.392
4.039 8.367 65.053 698.936 0.773 0.010 3.906 -0.335
4.130 9.080 71.272 621.952 0.839 0.010 3.969 -0.270
4.229 9.833 75.369 409.716 0.913 0.010 4.032 -0.194
4.334 10.588 75.449 7.945 0.995 0.010 4.093 -0.108
4.447 11.281 69.353 -609.598 1.084 0.010 4.150 -0.011
4.566 11.836 55.416 -1393.652 1.178 0.010 4.200 0.097
4.687 12.171 33.591 -2182.513 1.276 0.010 4.241 0.211
4.810 12.234 6.289 -2730.241 1.374 0.010 4.271 0.330
4.930 12.015 -21.966 -2825.460 1.470 0.010 4.289 0.449
5.045 11.552 -46.250 -2428.433 1.561 0.010 4.295 0.564
5.155 10.920 -63.244 -1699.356 1.646 0.010 4.292 0.673
5.257 10.198 -72.132 -888.842 1.723 0.010 4.280 0.774
5.351 9.457 -74.114 -198.211 1.792 0.010 4.263 0.867
5.439 8.745 -71.278 283.596 1.854 0.010 4.241 0.952
5.519 8.088 -65.672 560.681 1.909 0.010 4.216 1.029
5.594 7.499 -58.857 681.509 1.958 0.010 4.189 1.099
5.664 6.981 -51.844 701.229 2.001 0.010 4.162 1.163
5.730 6.529 -45.202 664.225 2.040 0.010 4.133 1.222
5.791 6.137 -39.196 600.559 2.075 0.010 4.105 1.276
5.849 5.798 -33.913 528.304 2.106 0.010 4.076 1.327
5.904 5.504 -29.340 457.294 2.134 0.010 4.047 1.374
5.956 5.250 -25.418 392.224 2.160 0.010 4.018 1.418
6.007 5.029 -22.070 334.861 2.183 0.010 3.990 1.459
6.055 4.837 -19.215 285.418 2.204 0.010 3.962 1.498
6.102 4.669 -16.782 243.354 2.223 0.010 3.934 1.536
6.147 4.522 -14.704 207.827 2.240 0.010 3.906 1.571
6.191 4.393 -12.924 177.929 2.257 0.010 3.878 1.606
6.234 4.277 -11.583 134.156 2.271 0.010 3.851 1.639
6.275 4.171 -10.615 96.786 2.285 0.010 3.824 1.670
6.316 4.073 -9.794 82.122 2.298 0.010 3.797 1.701
6.356 3.981 -9.200 59.325 2.309 0.010 3.771 1.730
6.395 3.894 -8.709 49.134 2.320 0.010 3.744 1.759
6.433 3.812 -8.210 49.921 2.330 0.010 3.718 1.787
6.470 3.734 -7.795 41.447 2.340 0.010 3.692 1.814
6.507 3.660 -7.360 43.491 2.348 0.010 3.667 1.840
6.543 3.592 -6.836 52.450 2.357 0.010 3.641 1.866
6.578 3.529 -6.314 52.150 2.364 0.010 3.616 1.890
6.613 3.470 -5.855 45.943 2.371 0.010 3.591 1.915
6.647 3.416 -5.449 40.627 2.378 0.010 3.567 1.938
6.681 3.365 -5.088 36.048 2.384 0.010 3.542 1.962
6.714 3.317 -4.767 32.091 2.390 0.010 3.518 1.984
6.747 3.273 -4.481 28.656 2.395 0.010 3.494 2.007
6.779 3.230 -4.224 25.667 2.400 0.010 3.471 2.028
6.811 3.190 -3.994 23.053 2.405 0.010 3.447 2.050
6.842 3.153 -3.786 20.760 2.410 0.010 3.424 2.071
6.874 3.117 -3.599 18.744 2.414 0.010 3.400 2.092
6.904 3.082 -3.429 16.963 2.418 0.010 3.377 2.112
6.935 3.050 -3.275 15.386 2.422 0.010 3.354 2.132
6.965 3.018 -3.135 13.986 2.425 0.010 3.332 2.152
6.995 2.988 -3.008 12.740 2.429 0.010 3.309 2.172
7.024 2.959 -2.892 11.627 2.432 0.010 3.287 2.191
7.054 2.931 -2.785 10.630 2.435 0.010 3.264 2.210
7.083 2.904 -2.688 9.735 2.438 0.010 3.242 2.229
7.112 2.878 -2.599 8.931 2.440 0.010 3.220 2.248
7.140 2.853 -2.517 8.205 2.443 0.010 3.199 2.266
7.168 2.829 -2.441 7.550 2.445 0.010 3.177 2.284
7.196 2.805 -2.371 6.955 2.447 0.010 3.155 2.302
7.224 2.782 -2.307 6.416 2.450 0.010 3.134 2.320
7.252 2.760 -2.248 5.926 2.451 0.010 3.113 2.338
7.279 2.738 -2.193 5.478 2.453 0.010 3.091 2.355
7.306 2.716 -2.143 5.070 2.455 0.010 3.071 2.372
7.333 2.695 -2.096 4.696 2.457 0.010 3.050 2.389
7.360 2.675 -2.052 4.353 2.458 0.010 3.029 2.406
7.387 2.655 -2.012 4.039 2.459 0.010 3.008 2.423
7.413 2.635 -1.974 3.749 2.461 0.010 2.988 2.439
7.439 2.616 -1.939 3.482 2.462 0.010 2.968 2.456
7.465 2.596 -1.907 3.236 2.463 0.010 2.947 2.472
7.491 2.578 -1.877 3.007 2.464 0.010 2.927 2.488
7.517 2.559 -1.849 2.796 2.465 0.010 2.907 2.504
7.542 2.541 -1.823 2.600 2.466 0.010 2.887 2.520
7.567 2.523 -1.799 2.417 2.467 0.010 2.868 2.536
7.592 2.505 -1.776 2.247 2.467 0.010 2.848 2.552
7.617 2.488 -1.755 2.088 2.468 0.010 2.829 2.567
7.642 2.470 -1.736 1.940 2.468 0.010 2.809 2.583
7.666 2.453 -1.718 1.801 2.469 0.010 2.790 2.598
7.691 2.436 -1.701 1.671 2.469 0.010 2.771 2.613
7.715 2.419 -1.686 1.548 2.469 0.010 2.752 2.628
7.739 2.403 -1.672 1.433 2.470 0.010 2.734 2.643
7.763 2.386 -1.658 1.324 2.470 0.010 2.715 2.658
7.786 2.369 -1.646 1.221 2.470 0.010 2.696 2.673
7.810 2.353 -1.635 1.123 2.470 0.010 2.678 2.687
7.833 2.337 -1.625 1.031 2.470 0.010 2.660 2.702
7.857 2.321 -1.615 0.943 2.470 0.010 2.641 2.716
7.880 2.305 -1.607 0.859 2.470 0.010 2.623 2.731
7.903 2.289 -1.599 0.779 2.470 0.010 2.605 2.745
7.925 2.273 -1.592 0.703 2.469 0.010 2.588 2.759
7.948 2.257 -1.585 0.629 2.469 0.010 2.570 2.773
7.970 2.241 -1.580 0.559 2.469 0.010 2.552 2.787
7.992 2.225 -1.575 0.491 2.468 0.010 2.535 2.801
8.015 2.210 -1.571 0.426 2.468 0.010 2.518 2.815
8.037 2.194 -1.567 0.362 2.467 0.010 2.501 2.829
8.058 2.178 -1.564 0.301 2.466 0.010 2.484 2.842
8.080 2.163 -1.562 0.241 2.466 0.010 2.467 2.856
8.101 2.147 -1.560 0.183 2.465 0.010 2.450 2.869
8.123 2.132 -1.559 0.126 2.464 0.010 2.433 2.882
8.144 2.116 -1.558 0.070 2.463 0.010 2.417 2.896
8.165 2.100 -1.558 0.016 2.462 0.010 2.401 2.909
8.186 2.085 -1.558 -0.038 2.461 0.010 2.384 2.922
8.206 2.069 -1.559 -0.091 2.460 0.010 2.368 2.935
8.227 2.054 -1.560 -0.144 2.459 0.010 2.352 2.948
8.247 2.038 -1.562 -0.196 2.458 0.010 2.337 2.961
8.268 2.022 -1.565 -0.248 2.457 0.010 2.321 2.974
8.288 2.007 -1.568 -0.300 2.456 0.010 2.305 2.986
8.308 1.991 -1.571 -0.351 2.454 0.010 2.290 2.999
8.327 1.975 -1.575 -0.403 2.453 0.010 2.275 3.011
8.347 1.959 -1.580 -0.454 2.452 0.010 2.260 3.024
8.366 1.944 -1.585 -0.507 2.450 0.010 2.245 3.036
8.386 1.928 -1.591 -0.559 2.449 0.010 2.230 3.049
8.405 1.912 -1.597 -0.612 2.447 0.010 2.215 3.061
8.424 1.896 -1.603 -0.665 2.445 0.010 2.200 3.073
8.442 1.880 -1.611 -0.720 2.444 0.010 2.186 3.085
8.461 1.863 -1.618 -0.775 2.442 0.010 2.172 3.097
8.480 1.847 -1.627 -0.832 2.440 0.010 2.158 3.109
8.498 1.831 -1.636 -0.889 2.438 0.010 2.144 3.121
8.516 1.814 -1.645 -0.947 2.436 0.010 2.130 3.133
8.534 1.798 -1.655 -1.008 2.434 0.010 2.116 3.144
8.552 1.781 -1.666 -1.069 2.432 0.010 2.103 3.156
8.569 1.764 -1.677 -1.132 2.430 0.010 2.089 3.167
8.587 1.747 -1.689 -1.197 2.427 0.010 2.076 3.179
8.604 1.730 -1.702 -1.263 2.425 0.010 2.063 3.190
8.621 1.713 -1.715 -1.333 2.422 0.010 2.050 3.201
8.638 1.696 -1.729 -1.403 2.420 0.010 2.037 3.213
8.655 1.679 -1.744 -1.477 2.417 0.010 2.025 3.224
8.672 1.661 -1.759 -1.552 2.415 0.010 2.012 3.235
8.688 1.643 -1.776 -1.630 2.412 0.010 2.000 3.246
8.704 1.625 -1.793 -1.711 2.409 0.010 1.988 3.256
8.720 1.607 -1.811 -1.796 2.406 0.010 1.976 3.267
8.736 1.589 -1.830 -1.883 2.403 0.010 1.964 3.278
8.752 1.570 -1.849 -1.973 2.400 0.010 1.953 3.288
8.768 1.552 -1.870 -2.068 2.397 0.010 1.941 3.299
8.783 1.533 -1.892 -2.165 2.394 0.010 1.930 3.309
8.798 1.514 -1.914 -2.268 2.391 0.010 1.919 3.320
8.813 1.494 -1.938 -2.373 2.387 0.010 1.908 3.330
8.828 1.475 -1.963 -2.484 2.384 0.010 1.897 3.340
8.842 1.455 -1.989 -2.599 2.380 0.010 1.887 3.350
8.857 1.435 -2.016 -2.720 2.376 0.010 1.876 3.360
8.871 1.414 -2.044 -2.845 2.372 0.010 1.866 3.370
8.885 1.393 -2.074 -2.975 2.368 0.010 1.856 3.379
8.898 1.372 -2.105 -3.112 2.364 0.010 1.846 3.389
8.912 1.351 -2.138 -3.254 2.360 0.010 1.837 3.399
8.925 1.329 -2.172 -3.402 2.356 0.010 1.827 3.408
8.938 1.307 -2.208 -3.558 2.351 0.010 1.818 3.417
8.951 1.285 -2.245 -3.720 2.347 0.010 1.809 3.426
8.964 1.262 -2.284 -3.889 2.342 0.010 1.800 3.435
8.976 1.239 -2.324 -4.065 2.337 0.010 1.792 3.444
8.988 1.215 -2.367 -4.251 2.332 0.010 1.783 3.453
9.000 1.191 -2.411 -4.442 2.327 0.010 1.775 3.462
9.012 1.166 -2.458 -4.644 2.322 0.010 1.767 3.470
9.023 1.141 -2.506 -4.853 2.317 0.010 1.759 3.479
9.034 1.116 -2.557 -5.071 2.311 0.010 1.752 3.487
9.045 1.089 -2.610 -5.299 2.305 0.010 1.745 3.495
9.056 1.063 -2.665 -5.535 2.299 0.010 1.737 3.503
9.066 1.036 -2.723 -5.782 2.293 0.010 1.731 3.511
9.076 1.008 -2.783 -6.037 2.287 0.010 1.724 3.518
9.086 0.979 -2.846 -6.304 2.281 0.010 1.718 3.526
9.096 0.950 -2.912 -6.579 2.274 0.010 1.711 3.533
9.105 0.920 -2.981 -6.863 2.267 0.010 1.705 3.540
9.114 0.890 -3.052 -7.159 2.260 0.010 1.700 3.547
9.122 0.859 -3.127 -7.461 2.253 0.010 1.694 3.553
9.131 0.827 -3.205 -7.774 2.245 0.010 1.689 3.560
9.139 0.794 -3.286 -8.092 2.238 0.010 1.684 3.566
9.146 0.760 -3.370 -8.419 2.230 0.010 1.680 3.572
9.153 0.725 -3.457 -8.751 2.221 0.010 1.675 3.578
9.160 0.690 -3.548 -9.086 2.213 0.010 1.671 3.583
9.167 0.654 -3.643 -9.425 2.204 0.010 1.667 3.588
9.173 0.616 -3.740 -9.763 2.195 0.010 1.663 3.593
9.179 0.578 -3.841 -10.098 2.186 0.010 1.660 3.598
9.184 0.538 -3.945 -10.426 2.176 0.010 1.657 3.603
9.189 0.498 -4.053 -10.746 2.166 0.010 1.654 3.607
9.194 0.456 -4.163 -11.049 2.156 0.010 1.652 3.610
9.198 0.413 -4.277 -11.333 2.145 0.010 1.649 3.614
9.202 0.369 -4.393 -11.590 2.134 0.010 1.647 3.617
9.205 0.324 -4.511 -11.813 2.123 0.010 1.646 3.620
9.208 0.278 -4.631 -11.993 2.111 0.010 1.644 3.622
9.210 0.230 -4.752 -12.121 2.099 0.010 1.643 3.624
9.212 0.182 -4.874 -12.186 2.087 0.010 1.642 3.626
9.213 0.132 -4.995 -12.175 2.074 0.010 1.641 3.627
9.214 0.081 -5.116 -12.075 2.061 0.010 1.641 3.628
9.214 0.028 -5.235 -11.870 2.047 0.010 1.641 3.628
9.214 0.025 -0.298 493.651 2.033 0.010 1.641 3.628
9.215 0.080 5.461 575.962 2.018 0.010 1.641 3.627
9.216 0.136 5.566 10.461 2.003 0.010 1.642 3.626
9.218 0.192 5.662 9.662 1.988 0.010 1.643 3.624
9.221 0.250 5.749 8.666 1.972 0.010 1.644 3.622
9.224 0.308 5.824 7.451 1.955 0.010 1.645 3.619
9.228 0.367 5.884 5.999 1.938 0.010 1.646 3.615
9.232 0.426 5.926 4.291 1.920 0.010 1.648 3.611
9.237 0.485 5.950 2.311 1.902 0.010 1.649 3.607
9.242 0.545 5.950 0.048 1.884 0.010 1.651 3.602
9.248 0.604 5.925 -2.505 1.865 0.010 1.653 3.596
9.255 0.663 5.872 -5.349 1.845 0.010 1.655 3.589
9.262 0.721 5.787 -8.476 1.825 0.010 1.657 3.582
9.270 0.777 5.668 -11.870 1.805 0.010 1.659 3.575
9.278 0.833 5.513 -15.503 1.784 0.010 1.660 3.567
9.287 0.886 5.320 -19.336 1.762 0.010 1.662 3.558
9.296 0.937 5.087 -23.318 1.740 0.010 1.664 3.549
9.306 0.985 4.813 -27.385 1.718 0.010 1.665 3.539
9.317 1.030 4.498 -31.461 1.696 0.010 1.667 3.529
9.327 1.071 4.143 -35.462 1.673 0.010 1.668 3.518
9.338 1.109 3.750 -39.295 1.649 0.010 1.669 3.507
9.350 1.142 3.322 -42.862 1.626 0.010 1.670 3.496
9.361 1.171 2.861 -46.066 1.602 0.010 1.670 3.484
9.373 1.194 2.373 -48.813 1.579 0.010 1.671 3.472
9.386 1.213 1.863 -51.018 1.555 0.010 1.670 3.460
9.398 1.226 1.337 -52.610 1.531 0.010 1.670 3.448
9.410 1.234 0.801 -53.536 1.507 0.010 1.670 3.436
9.423 1.237 0.264 -53.763 1.483 0.010 1.669 3.423
9.435 1.234 -0.269 -53.281 1.460 0.010 1.667 3.411
9.447 1.226 -0.790 -52.104 1.436 0.010 1.666 3.399
9.459 1.213 -1.293 -50.268 1.413 0.010 1.664 3.387
9.471 1.196 -1.771 -47.830 1.390 0.010 1.662 3.375
9.483 1.174 -2.220 -44.865 1.367 0.010 1.660 3.363
9.494 1.147 -2.634 -41.460 1.345 0.010 1.657 3.352
9.506 1.117 -3.011 -37.710 1.323 0.010 1.655 3.341
9.516 1.084 -3.349 -33.715 1.302 0.010 1.652 3.331
9.527 1.047 -3.644 -29.572 1.281 0.010 1.649 3.321
9.537 1.008 -3.898 -25.375 1.260 0.010 1.646 3.311
9.547 0.967 -4.110 -21.210 1.241 0.010 1.643 3.302
9.556 0.924 -4.282 -17.150 1.221 0.010 1.640 3.293
9.565 0.880 -4.414 -13.258 1.202 0.010 1.637 3.285
9.573 0.835 -4.510 -9.584 1.184 0.010 1.634 3.277
9.581 0.789 -4.572 -6.166 1.166 0.010 1.631 3.270
9.588 0.743 -4.602 -3.030 1.149 0.010 1.628 3.263
9.595 0.697 -4.604 -0.190 1.133 0.010 1.625 3.257
9.602 0.651 -4.580 2.348 1.117 0.010 1.622 3.251
9.608 0.606 -4.535 4.586 1.101 0.010 1.619 3.246
9.614 0.561 -4.469 6.532 1.087 0.010 1.617 3.241
9.619 0.518 -4.387 8.201 1.072 0.010 1.614 3.236
9.623 0.475 -4.291 9.609 1.058 0.010 1.612 3.232
9.628 0.433 -4.183 10.775 1.045 0.010 1.610 3.228
9.632 0.392 -4.066 11.721 1.033 0.010 1.608 3.225
9.635 0.353 -3.941 12.468 1.020 0.010 1.606 3.222
9.638 0.315 -3.811 13.037 1.009 0.010 1.604 3.219
9.641 0.278 -3.677 13.449 0.997 0.010 1.603 3.217
9.644 0.242 -3.539 13.722 0.987 0.010 1.602 3.215
9.646 0.208 -3.401 13.877 0.976 0.010 1.600 3.213
9.647 0.176 -3.261 13.928 0.966 0.010 1.599 3.212
9.649 0.145 -3.122 13.893 0.957 0.010 1.599 3.210
9.650 0.115 -2.985 13.785 0.948 0.010 1.598 3.209
9.651 0.086 -2.848 13.616 0.939 0.010 1.597 3.209
9.651 0.059 -2.714 13.398 0.931 0.010 1.597 3.208
9.652 0.033 -2.583 13.139 0.923 0.010 1.597 3.208
9.652 0.009 -2.455 12.850 0.915 0.010 1.597 3.208
9.652 0.015 0.583 303.772 0.908 0.010 1.597 3.208
9.652 0.037 2.207 162.389 0.901 0.010 1.597 3.208
9.653 0.058 2.088 -11.864 0.895 0.010 1.598 3.209
9.654 0.077 1.973 -11.514 0.888 0.010 1.598 3.209
9.655 0.096 1.862 -11.160 0.882 0.010 1.599 3.210
9.656 0.113 1.754 -10.806 0.877 0.010 1.599 3.211
9.657 0.130 1.649 -10.454 0.871 0.010 1.600 3.212
9.659 0.145 1.548 -10.107 0.866 0.010 1.601 3.213
9.660 0.160 1.450 -9.766 0.861 0.010 1.602 3.214
9.662 0.173 1.356 -9.433 0.856 0.010 1.603 3.216
9.664 0.186 1.265 -9.108 0.852 0.010 1.605 3.217
9.666 0.198 1.177 -8.793 0.848 0.010 1.606 3.218
9.668 0.209 1.092 -8.488 0.844 0.010 1.607 3.220
9.670 0.219 1.010 -8.194 0.840 0.010 1.609 3.222
9.672 0.228 0.931 -7.910 0.836 0.010 1.610 3.223
9.675 0.237 0.855 -7.637 0.833 0.010 1.612 3.225
9.677 0.245 0.781 -7.375 0.830 0.010 1.613 3.227
9.680 0.252 0.710 -7.123 0.826 0.010 1.615 3.229
9.682 0.258 0.641 -6.882 0.824 0.010 1.617 3.231
9.685 0.264 0.574 -6.651 0.821 0.010 1.619 3.233
9.688 0.269 0.510 -6.429 0.818 0.010 1.621 3.235
9.690 0.273 0.448 -6.218 0.816 0.010 1.622 3.237
9.693 0.277 0.388 -6.015 0.813 0.010 1.624 3.239
9.696 0.281 0.330 -5.821 0.811 0.010 1.626 3.241
9.699 0.283 0.273 -5.636 0.809 0.010 1.628 3.243
9.702 0.285 0.219 -5.458 0.807 0.010 1.630 3.245
9.704 0.287 0.166 -5.288 0.806 0.010 1.632 3.247
9.707 0.288 0.115 -5.124 0.804 0.010 1.634 3.249
9.710 0.289 0.065 -4.968 0.802 0.010 1.636 3.251
9.713 0.289 0.017 -4.817 0.801 0.010 1.638 3.253
9.716 0.289 -0.030 -4.673 0.799 0.010 1.640 3.255
9.719 0.288 -0.075 -4.534 0.798 0.010 1.642 3.257
9.722 0.287 -0.119 -4.399 0.797 0.010 1.644 3.259
9.725 0.285 -0.162 -4.270 0.796 0.010 1.646 3.261
9.727 0.283 -0.203 -4.144 0.795 0.010 1.648 3.263
9.730 0.281 -0.244 -4.022 0.794 0.010 1.650 3.265
9.733 0.278 -0.283 -3.904 0.793 0.010 1.652 3.267
9.736 0.275 -0.321 -3.789 0.792 0.010 1.654 3.269
9.738 0.271 -0.357 -3.677 0.791 0.010 1.656 3.271
9.741 0.267 -0.393 -3.567 0.791 0.010 1.658 3.273
9.744 0.263 -0.428 -3.459 0.790 0.010 1.660 3.275
9.746 0.258 -0.461 -3.353 0.790 0.010 1.661 3.277
9.749 0.253 -0.494 -3.249 0.789 0.010 1.663 3.279
9.751 0.248 -0.525 -3.146 0.789 0.010 1.665 3.280
9.754 0.243 -0.556 -3.045 0.788 0.010 1.667 3.282
9.756 0.237 -0.585 -2.944 0.788 0.010 1.668 3.284
9.758 0.231 -0.613 -2.844 0.787 0.010 1.670 3.285
9.761 0.224 -0.641 -2.745 0.787 0.010 1.672 3.287
9.763 0.218 -0.667 -2.646 0.787 0.010 1.673 3.289
9.765 0.211 -0.693 -2.547 0.787 0.010 1.675 3.290
9.767 0.203 -0.717 -2.448 0.786 0.010 1.676 3.291
9.769 0.196 -0.741 -2.349 0.786 0.010 1.677 3.293
9.771 0.188 -0.763 -2.250 0.786 0.010 1.679 3.294
9.773 0.181 -0.785 -2.151 0.786 0.010 1.680 3.295
9.774 0.172 -0.805 -2.051 0.786 0.010 1.681 3.297
9.776 0.164 -0.825 -1.951 0.786 0.010 1.682 3.298
9.778 0.156 -0.843 -1.850 0.786 0.010 1.684 3.299
9.779 0.147 -0.861 -1.748 0.786 0.010 1.685 3.300
9.780 0.138 -0.877 -1.646 0.786 0.010 1.686 3.301
9.782 0.129 -0.893 -1.544 0.786 0.010 1.686 3.302
9.783 0.120 -0.907 -1.440 0.785 0.010 1.687 3.303
9.784 0.111 -0.921 -1.336 0.785 0.010 1.688 3.303
9.785 0.102 -0.933 -1.232 0.785 0.010 1.689 3.304
9.786 0.092 -0.944 -1.126 0.785 0.010 1.689 3.305
9.787 0.083 -0.954 -1.020 0.785 0.010 1.690 3.305
9.788 0.073 -0.963 -0.914 0.785 0.010 1.691 3.306
9.788 0.064 -0.971 -0.806 0.785 0.010 1.691 3.306
9.789 0.054 -0.978 -0.699 0.785 0.010 1.691 3.307
9.789 0.044 -0.984 -0.591 0.785 0.010 1.692 3.307
9.790 0.034 -0.989 -0.482 0.785 0.010 1.692 3.307
9.790 0.024 -0.993 -0.373 0.785 0.010 1.692 3.308
9.790 0.015 -0.923 6.995 0.785 0.010 1.692 3.308
9.790 0.008 -0.727 19.582 0.785 0.010 1.692 3.308
9.790 0.003 -0.478 24.886 0.785 0.010 1.692 3.308
9.790 0.001 -0.229 24.933 0.785 0.010 1.692 3.308
9.790 0.000 -0.052 17.685 0.785 0.010 1.692 3.308
