WallLanePath
874
0.000 0.005 0.499 49.929 0.000 0.010 0.000 0.979
0.000 0.010 0.499 0.000 0.000 0.010 0.000 0.979
0.000 0.020 0.999 49.929 0.000 0.010 0.000 0.979
0.001 0.030 0.999 0.000 0.000 0.010 0.001 0.979
0.001 0.040 0.999 -0.000 0.000 0.010 0.001 0.979
0.002 0.050 0.999 0.000 0.000 0.010 0.002 0.979
0.002 0.060 0.999 0.000 0.000 0.010 0.002 0.979
0.003 0.070 0.999 -0.000 0.000 0.010 0.003 0.979
0.004 0.080 0.999 0.000 0.000 0.010 0.004 0.979
0.005 0.090 0.999 0.000 0.000 0.010 0.005 0.979
0.006 0.100 0.999 0.000 0.000 0.010 0.006 0.979
0.007 0.110 0.999 -0.000 0.000 0.010 0.007 0.979
0.008 0.120 0.999 0.000 0.000 0.010 0.008 0.979
0.009 0.130 0.999 -0.000 0.000 0.010 0.009 0.979
0.011 0.140 0.999 0.000 0.000 0.010 0.011 0.979
0.012 0.150 0.999 -0.000 0.000 0.010 0.012 0.979
0.014 0.160 0.999 -0.000 0.000 0.010 0.014 0.979
0.015 0.170 0.999 0.000 0.000 0.010 0.015 0.979
0.017 0.180 0.999 0.000 0.000 0.010 0.017 0.979
0.019 0.190 0.999 -0.000 0.000 0.010 0.019 0.979
0.021 0.200 0.999 0.000 0.000 0.010 0.021 0.979
0.023 0.210 0.999 0.000 0.000 0.010 0.023 0.979
0.025 0.220 0.999 -0.000 0.000 0.010 0.025 0.979
0.028 0.230 0.999 0.000 0.000 0.010 0.028 0.979
0.030 0.240 0.999 0.000 0.000 0.010 0.030 0.979
0.032 0.250 0.999 -0.000 0.000 0.010 0.032 0.979
0.035 0.260 0.999 0.000 0.000 0.010 0.035 0.979
0.038 0.270 0.999 -0.000 0.000 0.010 0.038 0.979
0.041 0.280 0.999 0.000 0.000 0.010 0.041 0.979
0.043 0.290 0.999 -0.000 0.000 0.010 0.043 0.979
0.046 0.300 0.999 0.000 0.000 0.010 0.046 0.979
0.050 0.310 0.999 -0.000 0.000 0.010 0.050 0.979
0.053 0.320 0.999 0.000 0.000 0.010 0.053 0.979
0.056 0.330 0.999 -0.000 0.000 0.010 0.056 0.979
0.059 0.340 0.999 0.000 0.000 0.010 0.059 0.979
0.063 0.350 0.999 0.000 0.000 0.010 0.063 0.979
0.067 0.359 0.999 -0.000 0.000 0.010 0.067 0.979
0.070 0.369 0.999 0.000 0.000 0.010 0.070 0.979
0.074 0.379 0.999 -0.000 0.000 0.010 0.074 0.979
0.078 0.389 0.999 0.000 0.000 0.010 0.078 0.979
0.082 0.399 0.999 -0.000 0.000 0.010 0.082 0.979
0.086 0.409 0.999 0.000 0.000 0.010 0.086 0.979
0.090 0.419 0.999 0.000 0.000 0.010 0.090 0.979
0.094 0.429 0.999 -0.000 0.000 0.010 0.094 0.979
0.099 0.439 0.999 0.000 0.000 0.010 0.099 0.979
0.103 0.449 0.999 0.000 0.000 0.010 0.103 0.979
0.108 0.459 0.999 -0.000 0.000 0.010 0.108 0.979
0.113 0.469 0.999 -0.000 0.000 0.010 0.113 0.979
0.117 0.479 0.999 0.000 0.000 0.010 0.117 0.979
0.122 0.489 0.999 0.000 0.000 0.010 0.122 0.979
0.127 0.499 0.999 0.000 0.000 0.010 0.127 0.979
0.132 0.509 0.999 0.000 0.000 0.010 0.132 0.979
0.138 0.519 0.999 0.000 0.000 0.010 0.138 0.979
0.143 0.529 0.999 0.000 0.000 0.010 0.143 0.979
0.148 0.539 0.999 -0.000 0.000 0.010 0.148 0.979
0.154 0.549 0.999 0.000 0.000 0.010 0.154 0.979
0.159 0.559 0.999 0.000 0.000 0.010 0.159 0.979
0.165 0.569 0.999 -0.000 0.000 0.010 0.165 0.979
0.171 0.579 0.999 -0.000 0.000 0.010 0.171 0.979
0.177 0.589 0.999 -0.000 0.000 0.010 0.177 0.979
0.183 0.599 0.999 0.000 0.000 0.010 0.183 0.979
0.189 0.609 0.999 -0.000 0.000 0.010 0.189 0.979
0.195 0.619 0.999 -0.000 0.000 0.010 0.195 0.979
0.201 0.629 0.999 0.000 0.000 0.010 0.201 0.979
0.208 0.639 0.999 -0.000 0.000 0.010 0.208 0.979
0.214 0.649 0.999 0.000 0.000 0.010 0.214 0.979
0.221 0.659 0.999 -0.000 0.000 0.010 0.221 0.979
0.228 0.669 0.999 -0.000 0.000 0.010 0.228 0.979
0.234 0.679 0.999 0.000 0.000 0.010 0.234 0.979
0.241 0.689 0.999 -0.000 0.000 0.010 0.241 0.979
0.248 0.699 0.999 0.000 0.000 0.010 0.248 0.979
0.255 0.709 0.999 0.000 0.000 0.010 0.255 0.979
0.262 0.719 0.999 -0.000 0.000 0.010 0.262 0.979
0.270 0.729 0.999 0.000 0.000 0.010 0.270 0.979
0.277 0.739 0.999 0.000 0.000 0.010 0.277 0.979
0.285 0.749 0.999 -0.000 0.000 0.010 0.285 0.979
0.292 0.759 0.999 -0.000 0.000 0.010 0.292 0.979
0.300 0.769 0.999 0.000 0.000 0.010 0.300 0.979
0.308 0.779 0.999 -0.000 0.000 0.010 0.308 0.979
0.316 0.789 0.999 -0.000 0.000 0.010 0.316 0.979
0.324 0.799 0.999 -0.000 0.000 0.010 0.324 0.979
0.332 0.809 0.999 0.000 0.000 0.010 0.332 0.979
0.340 0.819 0.999 -0.000 0.000 0.010 0.340 0.979
0.348 0.829 0.999 0.000 0.000 0.010 0.348 0.979
0.357 0.839 0.999 -0.000 0.000 0.010 0.357 0.979
0.365 0.849 0.999 0.000 0.000 0.010 0.365 0.979
0.374 0.859 0.999 -0.000 0.000 0.010 0.374 0.979
0.382 0.869 0.999 0.000 0.000 0.010 0.382 0.979
0.391 0.879 0.999 0.000 0.000 0.010 0.391 0.979
0.400 0.889 0.999 -0.000 0.000 0.010 0.400 0.979
0.409 0.899 0.999 0.000 0.000 0.010 0.409 0.979
0.418 0.909 0.999 -0.000 0.000 0.010 0.418 0.979
0.427 0.919 0.999 0.000 0.000 0.010 0.427 0.979
0.437 0.929 0.999 0.000 0.000 0.010 0.437 0.979
0.446 0.939 0.999 -0.000 0.000 0.010 0.446 0.979
0.455 0.949 0.999 0.000 0.000 0.010 0.455 0.979
0.465 0.959 0.999 -0.000 0.000 0.010 0.465 0.979
0.475 0.969 0.999 0.000 0.000 0.010 0.475 0.979
0.484 0.979 0.999 -0.000 0.000 0.010 0.484 0.979
0.494 0.989 0.999 -0.000 0.000 0.010 0.494 0.979
0.504 0.999 0.999 0.000 0.000 0.010 0.504 0.979
0.514 1.009 0.999 -0.000 0.000 0.010 0.514 0.979
0.525 1.019 0.999 0.000 0.000 0.010 0.525 0.979
0.535 1.029 0.999 -0.000 0.000 0.010 0.535 0.979
0.545 1.039 0.999 0.000 0.000 0.010 0.545 0.979
0.556 1.049 0.999 0.000 0.000 0.010 0.556 0.979
0.566 1.058 0.999 0.000 0.000 0.010 0.566 0.979
0.577 1.068 0.999 -0.000 0.000 0.010 0.577 0.979
0.588 1.078 0.999 0.000 0.000 0.010 0.588 0.979
0.599 1.088 0.999 -0.000 0.000 0.010 0.599 0.979
0.610 1.098 0.999 0.000 0.000 0.010 0.610 0.979
0.621 1.108 0.999 -0.000 0.000 0.010 0.621 0.979
0.632 1.118 0.999 0.000 0.000 0.010 0.632 0.979
0.643 1.128 0.999 -0.000 0.000 0.010 0.643 0.979
0.655 1.138 0.999 0.000 0.000 0.010 0.655 0.979
0.666 1.148 0.999 0.000 0.000 0.010 0.666 0.979
0.678 1.158 0.999 0.000 0.000 0.010 0.678 0.979
0.689 1.168 0.999 0.000 0.000 0.010 0.689 0.979
0.701 1.178 0.999 0.000 0.000 0.010 0.701 0.979
0.713 1.188 0.999 0.000 0.000 0.010 0.713 0.979
0.725 1.198 0.999 -0.000 0.000 0.010 0.725 0.979
0.737 1.208 0.999 0.000 0.000 0.010 0.737 0.979
0.749 1.218 0.999 0.000 0.000 0.010 0.749 0.979
0.762 1.228 0.999 0.000 0.000 0.010 0.762 0.979
0.774 1.238 0.999 0.000 0.000 0.010 0.774 0.979
0.786 1.248 0.999 -0.000 0.000 0.010 0.786 0.979
0.799 1.258 0.999 0.000 0.000 0.010 0.799 0.979
0.812 1.268 0.999 0.000 0.000 0.010 0.812 0.979
0.824 1.278 0.999 0.000 0.000 0.010 0.824 0.979
0.837 1.288 0.999 -0.000 0.000 0.010 0.837 0.979
0.850 1.298 0.999 0.000 0.000 0.010 0.850 0.979
0.863 1.308 0.999 0.000 0.000 0.010 0.863 0.979
0.877 1.318 0.999 -0.000 0.000 0.010 0.877 0.979
0.890 1.328 0.999 0.000 0.000 0.010 0.890 0.979
0.903 1.338 0.999 0.000 0.000 0.010 0.903 0.979
0.917 1.348 0.999 -0.000 0.000 0.010 0.917 0.979
0.930 1.358 0.999 0.000 0.000 0.010 0.930 0.979
0.944 1.368 0.999 0.000 0.000 0.010 0.944 0.979
0.958 1.378 0.999 0.000 0.000 0.010 0.958 0.979
0.972 1.388 0.999 -0.000 0.000 0.010 0.972 0.979
0.986 1.398 0.999 0.000 0.000 0.010 0.986 0.979
1.000 1.408 0.999 0.000 0.000 0.010 1.000 0.979
1.014 1.418 0.999 -0.000 0.000 0.010 1.014 0.979
1.028 1.428 0.999 0.000 0.000 0.010 1.028 0.979
1.043 1.438 0.999 -0.000 0.000 0.010 1.043 0.979
1.057 1.448 0.999 0.000 0.000 0.010 1.057 0.979
1.072 1.458 0.999 -0.000 0.000 0.010 1.072 0.979
1.086 1.468 0.999 0.000 0.000 0.010 1.086 0.979
1.101 1.478 0.999 -0.000 0.000 0.010 1.101 0.979
1.116 1.488 0.999 0.000 0.000 0.010 1.116 0.979
1.131 1.498 0.999 -0.000 0.000 0.010 1.131 0.979
1.146 1.508 0.999 0.000 0.000 0.010 1.146 0.979
1.161 1.518 0.999 0.000 0.000 0.010 1.161 0.979
1.176 1.528 0.999 -0.000 0.000 0.010 1.176 0.979
1.192 1.538 0.999 0.000 0.000 0.010 1.192 0.979
1.207 1.548 0.999 -0.000 0.000 0.010 1.207 0.979
1.223 1.558 0.999 -0.000 0.000 0.010 1.223 0.979
1.239 1.568 0.999 0.000 0.000 0.010 1.239 0.979
1.254 1.578 0.999 0.000 0.000 0.010 1.254 0.979
1.270 1.588 0.999 0.000 0.000 0.010 1.270 0.979
1.286 1.598 0.999 -0.000 0.000 0.010 1.286 0.979
1.302 1.608 0.999 0.000 0.000 0.010 1.302 0.979
1.318 1.618 0.999 0.000 0.000 0.010 1.318 0.979
1.335 1.628 0.999 -0.000 0.000 0.010 1.335 0.979
1.351 1.638 0.999 0.000 0.000 0.010 1.351 0.979
1.368 1.648 0.999 -0.000 0.000 0.010 1.368 0.979
1.384 1.658 0.999 0.000 0.000 0.010 1.384 0.979
1.401 1.668 0.999 0.000 0.000 0.010 1.401 0.979
1.418 1.678 0.999 -0.000 0.000 0.010 1.418 0.979
1.434 1.688 0.999 -0.000 0.000 0.010 1.434 0.979
1.451 1.698 0.999 0.000 0.000 0.010 1.451 0.979
1.469 1.708 0.999 -0.000 0.000 0.010 1.469 0.979
1.486 1.718 0.999 -0.000 0.000 0.010 1.486 0.979
1.503 1.728 0.999 0.000 0.000 0.010 1.503 0.979
1.520 1.738 0.999 0.000 0.000 0.010 1.520 0.979
1.538 1.748 0.999 -0.000 0.000 0.010 1.538 0.979
1.555 1.757 0.999 0.000 0.000 0.010 1.555 0.979
1.573 1.767 0.999 0.000 0.000 0.010 1.573 0.979
1.591 1.777 0.999 0.000 0.000 0.010 1.591 0.979
1.609 1.787 0.999 -0.000 0.000 0.010 1.609 0.979
1.627 1.797 0.999 0.000 0.000 0.010 1.627 0.979
1.645 1.807 0.999 -0.000 0.000 0.010 1.645 0.979
1.663 1.817 0.999 0.000 0.000 0.010 1.663 0.979
1.681 1.827 0.999 -0.000 0.000 0.010 1.681 0.979
1.700 1.837 0.999 0.000 0.000 0.010 1.700 0.979
1.718 1.847 0.999 -0.000 0.000 0.010 1.718 0.979
1.737 1.857 0.999 0.000 0.000 0.010 1.737 0.979
1.755 1.867 0.999 -0.000 0.000 0.010 1.755 0.979
1.774 1.877 0.999 0.000 0.000 0.010 1.774 0.979
1.793 1.887 0.999 -0.000 0.000 0.010 1.793 0.979
1.812 1.897 0.999 0.000 0.000 0.010 1.812 0.979
1.831 1.907 0.999 0.000 0.000 0.010 1.831 0.979
1.850 1.917 0.999 -0.000 0.000 0.010 1.850 0.979
1.869 1.927 0.999 0.000 0.000 0.010 1.869 0.979
1.889 1.937 0.999 0.000 0.000 0.010 1.889 0.979
1.908 1.947 0.999 -0.000 0.000 0.010 1.908 0.979
1.928 1.957 0.999 0.000 0.000 0.010 1.928 0.979
1.948 1.967 0.999 0.000 0.000 0.010 1.948 0.979
1.967 1.977 0.999 -0.000 0.000 0.010 1.967 0.979
1.987 1.987 0.999 -0.000 0.000 0.010 1.987 0.979
2.007 1.997 0.999 0.000 0.000 0.010 2.007 0.979
2.027 2.007 0.999 -0.000 0.000 0.010 2.027 0.979
2.047 2.017 0.999 0.000 0.000 0.010 2.047 0.979
2.068 2.027 0.999 -0.000 0.000 0.010 2.068 0.979
2.088 2.037 0.999 -0.000 0.000 0.010 2.088 0.979
2.109 2.047 0.999 0.000 0.000 0.010 2.109 0.979
2.129 2.057 0.999 -0.000 0.000 0.010 2.129 0.979
2.150 2.067 0.999 0.000 0.000 0.010 2.150 0.979
2.171 2.077 0.999 -0.000 0.000 0.010 2.171 0.979
2.191 2.087 0.999 0.000 0.000 0.010 2.191 0.979
2.212 2.097 0.999 -0.000 0.000 0.010 2.212 0.979
2.233 2.107 0.999 0.000 0.000 0.010 2.233 0.979
2.255 2.117 0.999 0.000 0.000 0.010 2.255 0.979
2.276 2.127 0.999 0.000 0.000 0.010 2.276 0.979
2.297 2.137 0.999 0.000 0.000 0.010 2.297 0.979
2.319 2.147 0.999 0.000 0.000 0.010 2.319 0.979
2.340 2.157 0.999 0.000 0.000 0.010 2.340 0.979
2.362 2.167 0.999 0.000 0.000 0.010 2.362 0.979
2.384 2.177 0.999 -0.000 0.000 0.010 2.384 0.979
2.406 2.187 0.999 0.000 0.000 0.010 2.406 0.979
2.428 2.197 0.999 0.000 0.000 0.010 2.428 0.979
2.450 2.207 0.999 0.000 0.000 0.010 2.450 0.979
2.472 2.217 0.999 0.000 0.000 0.010 2.472 0.979
2.494 2.227 0.999 -0.000 0.000 0.010 2.494 0.979
2.516 2.236 0.870 -12.854 0.000 0.010 2.516 0.979
2.539 2.241 0.537 -33.260 0.000 0.010 2.539 0.979
2.561 2.246 0.518 -1.952 0.000 0.010 2.561 0.979
2.584 2.251 0.515 -0.291 0.000 0.010 2.584 0.979
2.606 2.256 0.512 -0.309 0.001 0.010 2.606 0.979
2.629 2.261 0.509 -0.327 0.001 0.010 2.629 0.979
2.652 2.266 0.505 -0.345 0.001 0.010 2.652 0.979
2.674 2.272 0.502 -0.364 0.001 0.010 2.674 0.979
2.697 2.276 0.498 -0.383 0.002 0.010 2.697 0.979
2.720 2.281 0.494 -0.402 0.002 0.010 2.720 0.979
2.743 2.286 0.489 -0.422 0.003 0.010 2.743 0.979
2.766 2.291 0.485 -0.443 0.003 0.010 2.766 0.979
2.789 2.296 0.480 -0.463 0.004 0.010 2.789 0.979
2.812 2.301 0.476 -0.485 0.005 0.010 2.812 0.980
2.835 2.305 0.471 -0.506 0.005 0.010 2.835 0.980
2.858 2.310 0.465 -0.529 0.006 0.010 2.858 0.980
2.881 2.315 0.460 -0.551 0.007 0.010 2.881 0.980
2.904 2.319 0.454 -0.575 0.008 0.010 2.904 0.980
2.927 2.324 0.448 -0.599 0.009 0.010 2.927 0.980
2.951 2.328 0.442 -0.623 0.010 0.010 2.951 0.981
2.974 2.332 0.435 -0.648 0.011 0.010 2.974 0.981
2.997 2.337 0.429 -0.674 0.012 0.010 2.997 0.981
3.021 2.341 0.422 -0.700 0.013 0.010 3.021 0.981
3.044 2.345 0.414 -0.727 0.015 0.010 3.044 0.982
3.068 2.349 0.407 -0.755 0.016 0.010 3.068 0.982
3.091 2.353 0.399 -0.783 0.017 0.010 3.091 0.982
3.115 2.357 0.391 -0.812 0.019 0.010 3.115 0.983
3.138 2.361 0.382 -0.842 0.020 0.010 3.138 0.983
3.162 2.365 0.374 -0.872 0.022 0.010 3.162 0.984
3.186 2.368 0.365 -0.904 0.023 0.010 3.186 0.984
3.210 2.372 0.355 -0.936 0.025 0.010 3.209 0.985
3.233 2.375 0.346 -0.969 0.027 0.010 3.233 0.986
3.257 2.379 0.336 -1.003 0.028 0.010 3.257 0.986
3.281 2.382 0.325 -1.037 0.030 0.010 3.281 0.987
3.305 2.385 0.314 -1.073 0.032 0.010 3.305 0.988
3.329 2.388 0.303 -1.109 0.034 0.010 3.328 0.988
3.353 2.391 0.292 -1.147 0.036 0.010 3.352 0.989
3.376 2.394 0.280 -1.185 0.039 0.010 3.376 0.990
3.400 2.396 0.268 -1.225 0.041 0.010 3.400 0.991
3.424 2.399 0.255 -1.265 0.043 0.010 3.424 0.992
3.448 2.401 0.242 -1.306 0.046 0.010 3.448 0.993
3.472 2.404 0.229 -1.349 0.048 0.010 3.472 0.994
3.497 2.406 0.215 -1.392 0.051 0.010 3.496 0.995
3.521 2.408 0.200 -1.437 0.053 0.010 3.520 0.997
3.545 2.410 0.185 -1.482 0.056 0.010 3.544 0.998
3.569 2.411 0.170 -1.529 0.059 0.010 3.568 0.999
3.593 2.413 0.154 -1.577 0.062 0.010 3.593 1.001
3.617 2.414 0.138 -1.625 0.065 0.010 3.617 1.002
3.641 2.416 0.121 -1.675 0.068 0.010 3.641 1.004
3.665 2.417 0.104 -1.726 0.071 0.010 3.665 1.006
3.690 2.417 0.086 -1.778 0.074 0.010 3.689 1.007
3.714 2.418 0.068 -1.831 0.077 0.010 3.713 1.009
3.738 2.419 0.049 -1.885 0.081 0.010 3.737 1.011
3.762 2.419 0.030 -1.939 0.084 0.010 3.761 1.013
3.786 2.419 0.010 -1.996 0.088 0.010 3.785 1.015
3.811 2.419 -0.011 -2.052 0.092 0.010 3.809 1.017
3.835 2.419 -0.032 -2.110 0.096 0.010 3.834 1.020
3.859 2.418 -0.053 -2.168 0.100 0.010 3.858 1.022
3.883 2.417 -0.076 -2.227 0.104 0.010 3.882 1.025
3.907 2.416 -0.099 -2.287 0.108 0.010 3.906 1.027
3.931 2.415 -0.122 -2.347 0.112 0.010 3.930 1.030
3.955 2.414 -0.146 -2.407 0.117 0.010 3.954 1.032
3.980 2.412 -0.171 -2.467 0.121 0.010 3.978 1.035
4.004 2.410 -0.196 -2.528 0.126 0.010 4.002 1.038
4.028 2.408 -0.222 -2.588 0.131 0.010 4.025 1.041
4.052 2.405 -0.248 -2.648 0.136 0.010 4.049 1.045
4.076 2.403 -0.276 -2.707 0.141 0.010 4.073 1.048
4.100 2.400 -0.303 -2.765 0.146 0.010 4.097 1.051
4.124 2.396 -0.331 -2.822 0.151 0.010 4.121 1.055
4.148 2.393 -0.360 -2.878 0.157 0.010 4.144 1.059
4.172 2.389 -0.389 -2.931 0.162 0.010 4.168 1.062
4.195 2.384 -0.419 -2.983 0.168 0.010 4.191 1.066
4.219 2.380 -0.450 -3.031 0.174 0.010 4.215 1.070
4.243 2.375 -0.480 -3.076 0.180 0.010 4.238 1.074
4.267 2.370 -0.512 -3.117 0.186 0.010 4.261 1.079
4.290 2.365 -0.543 -3.155 0.192 0.010 4.285 1.083
4.314 2.359 -0.575 -3.186 0.199 0.010 4.308 1.088
4.338 2.353 -0.607 -3.212 0.205 0.010 4.331 1.093
4.361 2.346 -0.639 -3.232 0.212 0.010 4.354 1.097
4.384 2.340 -0.672 -3.243 0.219 0.010 4.377 1.102
4.408 2.333 -0.704 -3.248 0.226 0.010 4.399 1.108
4.431 2.325 -0.737 -3.242 0.234 0.010 4.422 1.113
4.454 2.318 -0.769 -3.227 0.241 0.010 4.445 1.118
4.477 2.310 -0.801 -3.201 0.249 0.010 4.467 1.124
4.500 2.301 -0.833 -3.160 0.257 0.010 4.489 1.130
4.523 2.293 -0.864 -3.109 0.265 0.010 4.511 1.136
4.546 2.284 -0.894 -3.041 0.273 0.010 4.533 1.142
4.569 2.274 -0.924 -2.957 0.282 0.010 4.555 1.148
4.591 2.265 -0.952 -2.856 0.291 0.010 4.577 1.154
4.614 2.255 -0.980 -2.735 0.299 0.010 4.599 1.161
4.636 2.245 -1.006 -2.596 0.309 0.010 4.620 1.168
4.659 2.235 -1.030 -2.433 0.318 0.010 4.641 1.174
4.681 2.224 -1.052 -2.247 0.327 0.010 4.662 1.182
4.703 2.214 -1.073 -2.038 0.337 0.010 4.683 1.189
4.725 2.203 -1.091 -1.800 0.347 0.010 4.704 1.196
4.747 2.192 -1.106 -1.538 0.357 0.010 4.725 1.204
4.769 2.180 -1.119 -1.245 0.368 0.010 4.745 1.211
4.791 2.169 -1.128 -0.925 0.378 0.010 4.765 1.219
4.812 2.158 -1.134 -0.572 0.389 0.010 4.785 1.227
4.834 2.146 -1.135 -0.189 0.400 0.010 4.805 1.236
4.855 2.135 -1.133 0.225 0.411 0.010 4.825 1.244
4.876 2.124 -1.126 0.673 0.423 0.010 4.844 1.253
4.897 2.113 -1.115 1.151 0.434 0.010 4.863 1.261
4.918 2.102 -1.098 1.662 0.446 0.010 4.882 1.270
4.939 2.091 -1.076 2.202 0.458 0.010 4.901 1.280
4.960 2.080 -1.049 2.772 0.471 0.010 4.920 1.289
4.981 2.070 -1.015 3.369 0.483 0.010 4.938 1.298
5.001 2.061 -0.975 3.991 0.496 0.010 4.956 1.308
5.022 2.051 -0.929 4.636 0.509 0.010 4.974 1.318
5.042 2.043 -0.876 5.299 0.522 0.010 4.992 1.328
5.063 2.034 -0.816 5.977 0.535 0.010 5.010 1.338
5.083 2.027 -0.749 6.666 0.549 0.010 5.027 1.349
5.103 2.020 -0.676 7.361 0.562 0.010 5.044 1.359
5.123 2.014 -0.595 8.055 0.576 0.010 5.061 1.370
5.143 2.009 -0.508 8.744 0.590 0.010 5.078 1.381
5.163 2.005 -0.413 9.421 0.604 0.010 5.094 1.393
5.183 2.002 -0.313 10.078 0.618 0.010 5.111 1.404
5.203 2.000 -0.206 10.711 0.633 0.010 5.127 1.416
5.223 1.999 -0.092 11.311 0.647 0.010 5.143 1.428
5.243 1.999 0.026 11.872 0.662 0.010 5.159 1.440
5.263 2.001 0.150 12.388 0.676 0.010 5.175 1.452
5.283 2.003 0.279 12.853 0.691 0.010 5.190 1.465
5.303 2.007 0.411 13.259 0.706 0.010 5.206 1.478
5.324 2.013 0.547 13.603 0.721 0.010 5.221 1.491
5.344 2.020 0.686 13.881 0.736 0.010 5.236 1.504
5.364 2.028 0.827 14.087 0.750 0.010 5.251 1.518
5.384 2.038 0.969 14.220 0.765 0.010 5.266 1.532
5.405 2.049 1.112 14.279 0.780 0.010 5.280 1.546
5.426 2.061 1.255 14.261 0.795 0.010 5.295 1.561
5.446 2.075 1.396 14.168 0.810 0.010 5.309 1.576
5.467 2.091 1.536 14.000 0.825 0.010 5.324 1.591
5.488 2.108 1.674 13.761 0.839 0.010 5.338 1.607
5.510 2.126 1.808 13.453 0.854 0.010 5.352 1.623
5.531 2.145 1.939 13.081 0.868 0.010 5.366 1.639
5.553 2.166 2.066 12.649 0.883 0.010 5.380 1.656
5.575 2.188 2.187 12.164 0.897 0.010 5.393 1.673
5.597 2.211 2.304 11.630 0.911 0.010 5.407 1.690
5.619 2.235 2.414 11.055 0.925 0.010 5.421 1.708
5.642 2.260 2.519 10.445 0.939 0.010 5.434 1.726
5.664 2.286 2.617 9.807 0.953 0.010 5.447 1.744
5.688 2.313 2.708 9.148 0.966 0.010 5.461 1.763
5.711 2.341 2.793 8.474 0.980 0.010 5.474 1.783
5.735 2.370 2.871 7.792 0.993 0.010 5.487 1.802
5.759 2.399 2.942 7.108 1.006 0.010 5.500 1.823
5.783 2.429 3.006 6.427 1.018 0.010 5.513 1.843
5.808 2.460 3.064 5.755 1.031 0.010 5.526 1.864
5.833 2.491 3.115 5.096 1.043 0.010 5.538 1.886
5.858 2.523 3.159 4.455 1.055 0.010 5.551 1.908
5.883 2.555 3.198 3.835 1.067 0.010 5.563 1.930
5.909 2.587 3.230 3.239 1.079 0.010 5.576 1.953
5.935 2.619 3.257 2.670 1.090 0.010 5.588 1.976
5.962 2.652 3.278 2.130 1.101 0.010 5.600 1.999
5.989 2.685 3.294 1.619 1.112 0.010 5.612 2.023
6.016 2.718 3.306 1.141 1.123 0.010 5.624 2.048
6.043 2.751 3.313 0.694 1.133 0.010 5.636 2.073
6.071 2.785 3.315 0.278 1.143 0.010 5.647 2.098
6.099 2.818 3.314 -0.104 1.153 0.010 5.659 2.124
6.128 2.851 3.310 -0.456 1.163 0.010 5.670 2.150
6.157 2.884 3.302 -0.775 1.173 0.010 5.682 2.176
6.186 2.917 3.291 -1.066 1.182 0.010 5.693 2.203
6.215 2.950 3.278 -1.326 1.191 0.010 5.704 2.231
6.245 2.982 3.263 -1.558 1.200 0.010 5.715 2.258
6.275 3.015 3.245 -1.764 1.208 0.010 5.726 2.286
6.306 3.047 3.225 -1.944 1.217 0.010 5.736 2.315
6.337 3.079 3.204 -2.100 1.225 0.010 5.747 2.344
6.368 3.111 3.182 -2.233 1.233 0.010 5.757 2.373
6.399 3.142 3.159 -2.345 1.240 0.010 5.768 2.403
6.431 3.174 3.134 -2.436 1.248 0.010 5.778 2.433
6.463 3.205 3.109 -2.510 1.255 0.010 5.788 2.463
6.495 3.236 3.084 -2.565 1.262 0.010 5.798 2.494
6.528 3.266 3.058 -2.606 1.269 0.010 5.808 2.525
6.561 3.296 3.031 -2.631 1.276 0.010 5.817 2.557
6.594 3.326 3.005 -2.643 1.282 0.010 5.827 2.589
6.628 3.356 2.978 -2.643 1.288 0.010 5.836 2.621
6.662 3.386 2.952 -2.631 1.294 0.010 5.846 2.653
6.696 3.415 2.926 -2.609 1.300 0.010 5.855 2.686
6.730 3.444 2.900 -2.578 1.306 0.010 5.864 2.720
6.765 3.473 2.875 -2.538 1.311 0.010 5.873 2.753
6.800 3.501 2.850 -2.490 1.316 0.010 5.882 2.787
6.835 3.530 2.825 -2.437 1.321 0.010 5.891 2.821
6.871 3.558 2.802 -2.376 1.326 0.010 5.900 2.856
6.907 3.585 2.779 -2.310 1.331 0.010 5.908 2.890
6.943 3.613 2.756 -2.239 1.335 0.010 5.917 2.926
6.979 3.640 2.735 -2.163 1.340 0.010 5.925 2.961
7.016 3.667 2.714 -2.083 1.344 0.010 5.933 2.997
7.053 3.694 2.694 -2.000 1.348 0.010 5.942 3.033
7.090 3.721 2.675 -1.913 1.352 0.010 5.950 3.069
7.128 3.748 2.656 -1.824 1.355 0.010 5.958 3.106
7.165 3.774 2.639 -1.732 1.359 0.010 5.966 3.142
7.203 3.800 2.623 -1.638 1.362 0.010 5.974 3.180
7.242 3.826 2.607 -1.541 1.365 0.010 5.982 3.217
7.280 3.852 2.593 -1.443 1.368 0.010 5.989 3.255
7.319 3.878 2.579 -1.343 1.371 0.010 5.997 3.293
7.358 3.904 2.567 -1.241 1.374 0.010 6.005 3.331
7.397 3.929 2.556 -1.138 1.376 0.010 6.013 3.370
7.437 3.955 2.545 -1.033 1.379 0.010 6.020 3.408
7.477 3.980 2.536 -0.927 1.381 0.010 6.028 3.448
7.517 4.005 2.528 -0.819 1.383 0.010 6.035 3.487
7.557 4.031 2.521 -0.711 1.385 0.010 6.043 3.526
7.597 4.056 2.515 -0.601 1.386 0.010 6.050 3.566
7.638 4.081 2.510 -0.490 1.388 0.010 6.058 3.606
7.679 4.106 2.506 -0.377 1.389 0.010 6.065 3.647
7.721 4.131 2.503 -0.263 1.391 0.010 6.072 3.687
7.762 4.156 2.502 -0.148 1.392 0.010 6.080 3.728
7.804 4.181 2.502 -0.031 1.393 0.010 6.087 3.770
7.846 4.206 2.503 0.087 1.393 0.010 6.095 3.811
7.888 4.231 2.505 0.207 1.394 0.010 6.102 3.853
7.931 4.256 2.508 0.329 1.395 0.010 6.110 3.894
7.974 4.281 2.512 0.452 1.395 0.010 6.117 3.937
8.017 4.306 2.518 0.577 1.395 0.010 6.125 3.979
8.060 4.332 2.525 0.704 1.395 0.010 6.132 4.022
8.104 4.355 2.283 -24.251 1.395 0.010 6.140 4.065
8.147 4.371 1.630 -65.236 1.395 0.010 6.148 4.108
8.191 4.381 0.970 -66.029 1.394 0.010 6.155 4.151
8.235 4.387 0.616 -35.426 1.394 0.010 6.163 4.194
8.279 4.392 0.512 -10.348 1.393 0.010 6.171 4.237
8.323 4.397 0.506 -0.641 1.392 0.010 6.178 4.280
8.367 4.402 0.501 -0.519 1.391 0.010 6.186 4.324
8.411 4.407 0.497 -0.401 1.390 0.010 6.194 4.367
8.455 4.412 0.494 -0.285 1.388 0.010 6.202 4.410
8.499 4.417 0.492 -0.173 1.387 0.010 6.210 4.454
8.544 4.422 0.491 -0.063 1.385 0.010 6.218 4.497
8.588 4.427 0.492 0.044 1.383 0.010 6.227 4.541
8.632 4.431 0.493 0.148 1.381 0.010 6.235 4.584
8.676 4.436 0.496 0.249 1.379 0.010 6.243 4.628
8.721 4.441 0.499 0.349 1.377 0.010 6.252 4.672
8.765 4.446 0.504 0.445 1.375 0.010 6.260 4.715
8.810 4.452 0.509 0.538 1.372 0.010 6.269 4.759
8.854 4.457 0.515 0.629 1.369 0.010 6.278 4.802
8.899 4.462 0.523 0.717 1.366 0.010 6.287 4.846
8.944 4.467 0.531 0.803 1.363 0.010 6.296 4.890
8.988 4.473 0.540 0.884 1.360 0.010 6.305 4.934
9.033 4.478 0.549 0.964 1.357 0.010 6.315 4.977
9.078 4.484 0.560 1.040 1.353 0.010 6.324 5.021
9.123 4.489 0.571 1.112 1.349 0.010 6.334 5.065
9.168 4.495 0.583 1.181 1.346 0.010 6.344 5.109
9.213 4.501 0.595 1.246 1.342 0.010 6.354 5.153
9.258 4.507 0.608 1.307 1.337 0.010 6.365 5.197
9.303 4.513 0.622 1.363 1.333 0.010 6.375 5.240
9.348 4.520 0.636 1.415 1.328 0.010 6.386 5.284
9.394 4.526 0.650 1.461 1.324 0.010 6.397 5.328
9.439 4.533 0.665 1.503 1.319 0.010 6.408 5.372
9.484 4.540 0.681 1.537 1.314 0.010 6.420 5.416
9.530 4.547 0.696 1.567 1.309 0.010 6.431 5.460
9.575 4.554 0.712 1.587 1.303 0.010 6.443 5.504
9.621 4.561 0.728 1.602 1.298 0.010 6.455 5.548
9.667 4.569 0.744 1.609 1.292 0.010 6.468 5.592
9.712 4.576 0.761 1.607 1.286 0.010 6.480 5.636
9.758 4.584 0.776 1.595 1.280 0.010 6.493 5.680
9.804 4.592 0.792 1.574 1.274 0.010 6.507 5.724
9.850 4.600 0.808 1.542 1.267 0.010 6.520 5.768
9.896 4.608 0.823 1.498 1.261 0.010 6.534 5.812
9.942 4.617 0.837 1.443 1.254 0.010 6.549 5.856
9.989 4.625 0.851 1.375 1.247 0.010 6.563 5.900
10.035 4.634 0.864 1.293 1.240 0.010 6.578 5.943
10.081 4.643 0.876 1.197 1.232 0.010 6.593 5.987
10.128 4.651 0.887 1.086 1.225 0.010 6.609 6.031
10.175 4.660 0.896 0.959 1.217 0.010 6.625 6.075
10.221 4.669 0.904 0.814 1.209 0.010 6.641 6.119
10.268 4.678 0.911 0.653 1.201 0.010 6.658 6.162
10.315 4.688 0.916 0.473 1.192 0.010 6.675 6.206
10.362 4.697 0.918 0.274 1.184 0.010 6.693 6.249
10.409 4.706 0.919 0.056 1.175 0.010 6.711 6.293
10.456 4.715 0.917 -0.182 1.166 0.010 6.729 6.336
10.503 4.724 0.913 -0.440 1.157 0.010 6.748 6.380
10.551 4.733 0.905 -0.719 1.148 0.010 6.767 6.423
10.598 4.742 0.895 -1.018 1.138 0.010 6.787 6.466
10.646 4.751 0.882 -1.337 1.128 0.010 6.807 6.509
10.693 4.760 0.865 -1.678 1.118 0.010 6.827 6.552
10.741 4.768 0.845 -2.037 1.108 0.010 6.848 6.595
10.789 4.776 0.821 -2.416 1.098 0.010 6.870 6.637
10.836 4.784 0.792 -2.811 1.088 0.010 6.892 6.680
10.884 4.792 0.760 -3.226 1.077 0.010 6.914 6.722
10.932 4.799 0.724 -3.654 1.066 0.010 6.937 6.764
10.980 4.806 0.683 -4.096 1.055 0.010 6.961 6.806
11.029 4.812 0.637 -4.550 1.044 0.010 6.985 6.848
11.077 4.818 0.587 -5.012 1.033 0.010 7.009 6.890
11.125 4.824 0.532 -5.482 1.021 0.010 7.034 6.931
11.173 4.828 0.473 -5.955 1.009 0.010 7.060 6.972
11.222 4.832 0.408 -6.428 0.998 0.010 7.086 7.013
11.270 4.836 0.339 -6.899 0.986 0.010 7.112 7.053
11.318 4.838 0.266 -7.362 0.974 0.010 7.139 7.093
11.367 4.840 0.188 -7.816 0.961 0.010 7.167 7.133
11.415 4.841 0.105 -8.255 0.949 0.010 7.195 7.173
11.464 4.842 0.018 -8.677 0.937 0.010 7.223 7.212
11.512 4.841 -0.072 -9.076 0.924 0.010 7.252 7.251
11.560 4.839 -0.167 -9.450 0.912 0.010 7.281 7.289
11.609 4.837 -0.265 -9.793 0.899 0.010 7.311 7.327
11.657 4.833 -0.366 -10.104 0.886 0.010 7.341 7.365
11.705 4.828 -0.470 -10.378 0.874 0.010 7.372 7.402
11.754 4.822 -0.576 -10.613 0.861 0.010 7.403 7.439
11.802 4.816 -0.684 -10.806 0.848 0.010 7.435 7.475
11.850 4.808 -0.793 -10.955 0.835 0.010 7.467 7.511
11.898 4.799 -0.904 -11.057 0.822 0.010 7.500 7.546
11.946 4.788 -1.015 -11.113 0.809 0.010 7.532 7.581
11.993 4.777 -1.126 -11.121 0.797 0.010 7.566 7.616
12.041 4.765 -1.237 -11.080 0.784 0.010 7.599 7.649
12.089 4.751 -1.347 -10.993 0.771 0.010 7.633 7.683
12.136 4.737 -1.456 -10.858 0.758 0.010 7.667 7.716
12.183 4.721 -1.562 -10.679 0.745 0.010 7.702 7.748
12.230 4.704 -1.667 -10.457 0.733 0.010 7.736 7.779
12.277 4.687 -1.769 -10.194 0.720 0.010 7.771 7.811
12.324 4.668 -1.868 -9.893 0.708 0.010 7.807 7.841
12.370 4.648 -1.963 -9.557 0.696 0.010 7.842 7.871
12.417 4.628 -2.055 -9.190 0.683 0.010 7.878 7.901
12.463 4.607 -2.143 -8.796 0.671 0.010 7.914 7.930
12.508 4.584 -2.227 -8.378 0.659 0.010 7.950 7.958
12.554 4.561 -2.306 -7.940 0.647 0.010 7.986 7.986
12.599 4.537 -2.381 -7.487 0.636 0.010 8.022 8.013
12.645 4.513 -2.452 -7.021 0.624 0.010 8.059 8.039
12.689 4.488 -2.517 -6.547 0.613 0.010 8.095 8.065
12.734 4.462 -2.578 -6.069 0.601 0.010 8.132 8.091
12.778 4.436 -2.634 -5.590 0.590 0.010 8.169 8.116
12.822 4.409 -2.685 -5.113 0.579 0.010 8.206 8.140
12.866 4.381 -2.731 -4.642 0.568 0.010 8.242 8.164
12.910 4.354 -2.773 -4.178 0.558 0.010 8.279 8.187
12.953 4.326 -2.810 -3.726 0.548 0.010 8.316 8.210
12.996 4.297 -2.843 -3.285 0.537 0.010 8.353 8.232
13.039 4.268 -2.872 -2.861 0.527 0.010 8.390 8.254
13.081 4.239 -2.896 -2.452 0.518 0.010 8.426 8.275
13.123 4.210 -2.917 -2.061 0.508 0.010 8.463 8.295
13.165 4.181 -2.934 -1.689 0.499 0.010 8.500 8.315
13.207 4.151 -2.947 -1.336 0.489 0.010 8.536 8.335
13.248 4.122 -2.957 -1.004 0.480 0.010 8.573 8.354
13.289 4.092 -2.964 -0.691 0.471 0.010 8.609 8.373
13.329 4.063 -2.968 -0.400 0.463 0.010 8.645 8.391
13.370 4.033 -2.969 -0.129 0.454 0.010 8.681 8.409
13.410 4.003 -2.968 0.121 0.446 0.010 8.718 8.427
13.449 3.974 -2.965 0.351 0.438 0.010 8.753 8.444
13.489 3.944 -2.959 0.562 0.430 0.010 8.789 8.460
13.528 3.914 -2.951 0.753 0.423 0.010 8.825 8.476
13.567 3.885 -2.942 0.925 0.415 0.010 8.860 8.492
13.605 3.856 -2.931 1.081 0.408 0.010 8.896 8.508
13.644 3.827 -2.919 1.218 0.401 0.010 8.931 8.523
13.682 3.798 -2.906 1.340 0.394 0.010 8.966 8.537
13.719 3.769 -2.891 1.446 0.388 0.010 9.001 8.552
13.757 3.740 -2.876 1.537 0.381 0.010 9.035 8.566
13.794 3.711 -2.860 1.615 0.375 0.010 9.070 8.580
13.831 3.683 -2.843 1.680 0.369 0.010 9.104 8.593
13.867 3.655 -2.826 1.732 0.363 0.010 9.138 8.606
13.904 3.626 -2.808 1.772 0.357 0.010 9.172 8.619
13.939 3.599 -2.790 1.803 0.352 0.010 9.206 8.631
13.975 3.571 -2.772 1.822 0.347 0.010 9.240 8.644
14.011 3.543 -2.753 1.834 0.341 0.010 9.273 8.655
14.046 3.516 -2.735 1.836 0.336 0.010 9.306 8.667
14.081 3.489 -2.717 1.831 0.332 0.010 9.339 8.679
14.115 3.462 -2.699 1.817 0.327 0.010 9.372 8.690
14.150 3.435 -2.681 1.798 0.323 0.010 9.404 8.701
14.184 3.408 -2.663 1.772 0.318 0.010 9.437 8.712
14.218 3.382 -2.645 1.741 0.314 0.010 9.469 8.722
14.251 3.356 -2.628 1.705 0.310 0.010 9.501 8.732
14.284 3.330 -2.612 1.664 0.306 0.010 9.532 8.742
14.317 3.304 -2.596 1.618 0.303 0.010 9.564 8.752
14.350 3.278 -2.580 1.569 0.299 0.010 9.595 8.762
14.383 3.252 -2.565 1.516 0.296 0.010 9.626 8.772
14.415 3.227 -2.550 1.459 0.293 0.010 9.657 8.781
14.447 3.201 -2.536 1.400 0.290 0.010 9.688 8.790
14.479 3.176 -2.523 1.338 0.287 0.010 9.718 8.799
14.510 3.151 -2.510 1.274 0.284 0.010 9.749 8.808
14.542 3.126 -2.498 1.207 0.282 0.010 9.779 8.817
14.573 3.101 -2.487 1.138 0.280 0.010 9.808 8.825
14.603 3.076 -2.476 1.067 0.277 0.010 9.838 8.834
14.634 3.052 -2.466 0.995 0.275 0.010 9.867 8.842
14.664 3.027 -2.457 0.921 0.273 0.010 9.897 8.850
14.694 3.003 -2.448 0.845 0.272 0.010 9.925 8.858
14.724 2.978 -2.441 0.768 0.270 0.010 9.954 8.866
14.753 2.954 -2.434 0.690 0.269 0.010 9.983 8.874
14.783 2.930 -2.428 0.610 0.267 0.010 10.011 8.882
14.812 2.905 -2.422 0.530 0.266 0.010 10.039 8.890
14.841 2.881 -2.418 0.448 0.265 0.010 10.067 8.897
14.869 2.857 -2.414 0.365 0.264 0.010 10.094 8.905
14.898 2.833 -2.411 0.281 0.263 0.010 10.122 8.912
14.926 2.809 -2.409 0.196 0.263 0.010 10.149 8.919
14.953 2.785 -2.408 0.110 0.262 0.010 10.176 8.927
14.981 2.761 -2.408 0.023 0.262 0.010 10.202 8.934
15.008 2.737 -2.409 -0.065 0.262 0.010 10.229 8.941
15.036 2.709 -2.799 -38.990 0.262 0.010 10.255 8.948
15.062 2.627 -8.143 -534.423 0.263 0.010 10.280 8.955
15.087 2.533 -9.452 -130.948 0.264 0.010 10.305 8.961
15.112 2.443 -8.967 48.571 0.267 0.010 10.328 8.968
15.135 2.358 -8.505 46.179 0.270 0.010 10.351 8.974
15.158 2.277 -8.064 44.084 0.274 0.010 10.373 8.980
15.180 2.201 -7.641 42.265 0.278 0.010 10.394 8.986
15.201 2.129 -7.234 40.698 0.284 0.010 10.415 8.992
15.222 2.060 -6.841 39.355 0.289 0.010 10.434 8.998
15.242 1.996 -6.459 38.211 0.296 0.010 10.453 9.004
15.261 1.935 -6.086 37.238 0.303 0.010 10.472 9.009
15.280 1.877 -5.722 36.409 0.310 0.010 10.490 9.015
15.298 1.824 -5.365 35.696 0.318 0.010 10.507 9.021
15.316 1.774 -5.015 35.073 0.326 0.010 10.524 9.026
15.333 1.727 -4.669 34.517 0.335 0.010 10.540 9.032
15.350 1.684 -4.329 34.002 0.344 0.010 10.556 9.037
15.366 1.644 -3.994 33.508 0.353 0.010 10.572 9.043
15.382 1.607 -3.664 33.013 0.362 0.010 10.587 9.049
15.398 1.574 -3.339 32.500 0.372 0.010 10.601 9.054
15.414 1.544 -3.020 31.954 0.382 0.010 10.616 9.060
15.429 1.516 -2.706 31.360 0.392 0.010 10.630 9.066
15.444 1.492 -2.399 30.710 0.403 0.010 10.644 9.071
15.458 1.471 -2.099 29.993 0.413 0.010 10.657 9.077
15.473 1.453 -1.807 29.207 0.423 0.010 10.670 9.083
15.487 1.438 -1.523 28.347 0.434 0.010 10.683 9.089
15.502 1.426 -1.249 27.414 0.445 0.010 10.696 9.095
15.516 1.416 -0.985 26.410 0.455 0.010 10.709 9.101
15.530 1.409 -0.732 25.339 0.466 0.010 10.722 9.108
15.544 1.404 -0.490 24.207 0.476 0.010 10.734 9.114
15.558 1.401 -0.259 23.023 0.487 0.010 10.747 9.120
15.572 1.401 -0.042 21.795 0.497 0.010 10.759 9.127
15.586 1.402 0.164 20.532 0.507 0.010 10.771 9.134
15.600 1.406 0.356 19.244 0.517 0.010 10.784 9.141
15.614 1.411 0.536 17.944 0.527 0.010 10.796 9.148
15.628 1.418 0.702 16.639 0.537 0.010 10.808 9.155
15.643 1.427 0.855 15.342 0.546 0.010 10.820 9.162
15.657 1.437 0.996 14.060 0.556 0.010 10.832 9.170
15.671 1.448 1.124 12.804 0.565 0.010 10.845 9.178
15.686 1.460 1.240 11.580 0.574 0.010 10.857 9.185
15.701 1.474 1.344 10.396 0.582 0.010 10.869 9.193
15.716 1.488 1.436 9.258 0.591 0.010 10.882 9.202
15.731 1.503 1.518 8.171 0.599 0.010 10.894 9.210
15.746 1.519 1.590 7.138 0.607 0.010 10.907 9.219
15.761 1.536 1.651 6.163 0.614 0.010 10.919 9.228
15.777 1.553 1.704 5.247 0.622 0.010 10.932 9.237
15.792 1.570 1.748 4.392 0.629 0.010 10.945 9.246
15.808 1.588 1.784 3.598 0.635 0.010 10.958 9.255
15.824 1.606 1.812 2.864 0.642 0.010 10.970 9.265
15.841 1.625 1.834 2.190 0.648 0.010 10.983 9.274
15.857 1.643 1.850 1.573 0.654 0.010 10.996 9.284
15.874 1.662 1.860 1.013 0.660 0.010 11.010 9.295
15.890 1.680 1.865 0.505 0.665 0.010 11.023 9.305
15.907 1.699 1.866 0.049 0.670 0.010 11.036 9.315
15.925 1.718 1.862 -0.359 0.675 0.010 11.050 9.326
15.942 1.736 1.855 -0.722 0.679 0.010 11.063 9.337
15.960 1.755 1.844 -1.042 0.683 0.010 11.077 9.348
15.977 1.773 1.831 -1.324 0.687 0.010 11.091 9.359
15.995 1.791 1.815 -1.569 0.691 0.010 11.104 9.371
16.013 1.809 1.798 -1.781 0.694 0.010 11.118 9.382
16.032 1.827 1.778 -1.963 0.697 0.010 11.132 9.394
16.050 1.844 1.757 -2.118 0.700 0.010 11.146 9.406
16.069 1.862 1.734 -2.249 0.702 0.010 11.161 9.418
16.087 1.879 1.711 -2.357 0.704 0.010 11.175 9.430
16.106 1.896 1.686 -2.446 0.706 0.010 11.189 9.442
16.125 1.912 1.661 -2.518 0.708 0.010 11.204 9.455
16.145 1.929 1.635 -2.575 0.709 0.010 11.219 9.467
16.164 1.945 1.609 -2.619 0.710 0.010 11.233 9.480
16.184 1.961 1.583 -2.653 0.711 0.010 11.248 9.493
16.204 1.976 1.556 -2.677 0.712 0.010 11.263 9.506
16.223 1.991 1.529 -2.694 0.712 0.010 11.278 9.519
16.244 2.006 1.502 -2.706 0.712 0.010 11.293 9.532
16.264 2.021 1.475 -2.714 0.712 0.010 11.309 9.545
16.284 2.036 1.447 -2.718 0.711 0.010 11.324 9.558
16.305 2.050 1.420 -2.721 0.711 0.010 11.340 9.572
16.325 2.064 1.393 -2.724 0.710 0.010 11.355 9.585
16.346 2.077 1.366 -2.727 0.709 0.010 11.371 9.599
16.367 2.091 1.338 -2.732 0.707 0.010 11.387 9.612
16.388 2.104 1.311 -2.739 0.705 0.010 11.403 9.626
16.409 2.117 1.284 -2.749 0.704 0.010 11.419 9.639
16.430 2.129 1.256 -2.764 0.701 0.010 11.435 9.653
16.452 2.142 1.228 -2.783 0.699 0.010 11.452 9.667
16.473 2.154 1.200 -2.807 0.697 0.010 11.468 9.681
16.495 2.165 1.172 -2.837 0.694 0.010 11.485 9.695
16.517 2.177 1.143 -2.874 0.691 0.010 11.502 9.709
16.539 2.188 1.114 -2.916 0.687 0.010 11.519 9.723
16.561 2.199 1.084 -2.966 0.684 0.010 11.536 9.736
16.583 2.209 1.054 -3.023 0.680 0.010 11.553 9.750
16.605 2.219 1.023 -3.086 0.676 0.010 11.570 9.764
16.627 2.229 0.991 -3.158 0.672 0.010 11.587 9.778
16.650 2.239 0.959 -3.236 0.668 0.010 11.605 9.792
16.672 2.248 0.926 -3.322 0.664 0.010 11.623 9.806
16.695 2.257 0.892 -3.416 0.659 0.010 11.640 9.820
16.717 2.266 0.857 -3.516 0.654 0.010 11.658 9.834
16.740 2.274 0.820 -3.623 0.649 0.010 11.676 9.848
16.763 2.282 0.783 -3.737 0.644 0.010 11.695 9.861
16.786 2.289 0.744 -3.857 0.639 0.010 11.713 9.875
16.809 2.296 0.705 -3.982 0.633 0.010 11.731 9.889
16.832 2.303 0.663 -4.113 0.627 0.010 11.750 9.902
16.855 2.309 0.621 -4.248 0.621 0.010 11.769 9.916
16.878 2.315 0.577 -4.388 0.615 0.010 11.788 9.929
16.901 2.320 0.532 -4.530 0.609 0.010 11.807 9.942
16.924 2.325 0.485 -4.675 0.603 0.010 11.826 9.956
16.948 2.329 0.437 -4.821 0.596 0.010 11.845 9.969
16.971 2.333 0.387 -4.968 0.590 0.010 11.864 9.982
16.994 2.337 0.336 -5.115 0.583 0.010 11.884 9.995
17.018 2.339 0.283 -5.260 0.576 0.010 11.903 10.008
17.041 2.342 0.229 -5.403 0.569 0.010 11.923 10.020
17.065 2.343 0.174 -5.543 0.562 0.010 11.943 10.033
17.088 2.345 0.117 -5.678 0.554 0.010 11.963 10.045
17.112 2.345 0.059 -5.808 0.547 0.010 11.983 10.058
17.135 2.345 -0.000 -5.931 0.539 0.010 12.003 10.070
17.159 2.345 -0.061 -6.047 0.532 0.010 12.023 10.082
17.182 2.343 -0.122 -6.153 0.524 0.010 12.043 10.093
17.205 2.342 -0.185 -6.251 0.516 0.010 12.064 10.105
17.229 2.339 -0.248 -6.337 0.509 0.010 12.084 10.117
17.252 2.336 -0.312 -6.412 0.501 0.010 12.104 10.128
17.275 2.332 -0.377 -6.475 0.493 0.010 12.125 10.139
17.299 2.328 -0.442 -6.525 0.485 0.010 12.145 10.150
17.322 2.323 -0.508 -6.561 0.477 0.010 12.166 10.161
17.345 2.317 -0.574 -6.583 0.468 0.010 12.187 10.171
17.368 2.311 -0.640 -6.590 0.460 0.010 12.207 10.181
17.391 2.304 -0.705 -6.583 0.452 0.010 12.228 10.192
17.414 2.296 -0.771 -6.560 0.444 0.010 12.249 10.202
17.437 2.287 -0.836 -6.522 0.436 0.010 12.269 10.211
17.460 2.278 -0.901 -6.469 0.427 0.010 12.290 10.221
17.483 2.269 -0.965 -6.400 0.419 0.010 12.311 10.230
17.505 2.258 -1.028 -6.317 0.411 0.010 12.331 10.239
17.528 2.248 -1.090 -6.220 0.403 0.010 12.352 10.248
17.550 2.236 -1.151 -6.108 0.394 0.010 12.373 10.257
17.572 2.224 -1.211 -5.983 0.386 0.010 12.393 10.265
17.594 2.211 -1.270 -5.846 0.378 0.010 12.414 10.274
17.616 2.198 -1.327 -5.696 0.370 0.010 12.434 10.282
17.638 2.184 -1.382 -5.535 0.362 0.010 12.455 10.289
17.660 2.170 -1.436 -5.364 0.354 0.010 12.475 10.297
17.681 2.155 -1.488 -5.184 0.346 0.010 12.495 10.304
17.703 2.140 -1.537 -4.995 0.338 0.010 12.515 10.312
17.724 2.124 -1.585 -4.799 0.330 0.010 12.535 10.318
17.745 2.107 -1.631 -4.597 0.322 0.010 12.555 10.325
17.766 2.091 -1.675 -4.389 0.314 0.010 12.575 10.332
17.787 2.073 -1.717 -4.177 0.307 0.010 12.595 10.338
17.807 2.056 -1.757 -3.961 0.299 0.010 12.615 10.344
17.828 2.038 -1.794 -3.744 0.292 0.010 12.634 10.350
17.848 2.020 -1.829 -3.525 0.284 0.010 12.653 10.356
17.868 2.001 -1.862 -3.306 0.277 0.010 12.673 10.361
17.888 1.982 -1.893 -3.087 0.270 0.010 12.692 10.367
17.907 1.963 -1.922 -2.869 0.262 0.010 12.711 10.372
17.927 1.943 -1.949 -2.654 0.255 0.010 12.730 10.377
17.946 1.924 -1.973 -2.441 0.248 0.010 12.748 10.382
17.965 1.904 -1.995 -2.232 0.242 0.010 12.767 10.386
17.984 1.884 -2.016 -2.027 0.235 0.010 12.785 10.391
18.003 1.863 -2.034 -1.827 0.228 0.010 12.803 10.395
18.021 1.843 -2.050 -1.631 0.222 0.010 12.821 10.399
18.039 1.822 -2.065 -1.442 0.215 0.010 12.839 10.403
18.057 1.801 -2.077 -1.258 0.209 0.010 12.856 10.407
18.075 1.780 -2.088 -1.080 0.203 0.010 12.874 10.411
18.093 1.759 -2.097 -0.909 0.197 0.010 12.891 10.414
18.110 1.738 -2.104 -0.744 0.191 0.010 12.908 10.417
18.127 1.717 -2.110 -0.586 0.185 0.010 12.925 10.421
18.144 1.696 -2.115 -0.435 0.179 0.010 12.942 10.424
18.161 1.675 -2.118 -0.290 0.173 0.010 12.958 10.427
18.177 1.654 -2.119 -0.153 0.168 0.010 12.975 10.429
18.194 1.633 -2.119 -0.022 0.162 0.010 12.991 10.432
18.210 1.611 -2.118 0.101 0.157 0.010 13.007 10.435
18.226 1.590 -2.116 0.218 0.152 0.010 13.022 10.437
18.241 1.569 -2.113 0.329 0.147 0.010 13.038 10.439
18.257 1.548 -2.108 0.433 0.142 0.010 13.053 10.442
18.272 1.527 -2.103 0.530 0.137 0.010 13.068 10.444
18.287 1.506 -2.097 0.622 0.132 0.010 13.083 10.446
18.302 1.485 -2.090 0.707 0.128 0.010 13.098 10.448
18.317 1.464 -2.082 0.787 0.123 0.010 13.112 10.450
18.331 1.444 -2.073 0.861 0.119 0.010 13.127 10.451
18.345 1.423 -2.064 0.930 0.114 0.010 13.141 10.453
18.359 1.402 -2.054 0.994 0.110 0.010 13.155 10.455
18.373 1.382 -2.044 1.053 0.106 0.010 13.169 10.456
18.387 1.362 -2.033 1.107 0.102 0.010 13.182 10.457
18.400 1.341 -2.021 1.157 0.098 0.010 13.195 10.459
18.413 1.321 -2.009 1.203 0.094 0.010 13.209 10.460
18.427 1.301 -1.997 1.244 0.091 0.010 13.222 10.461
18.439 1.282 -1.984 1.282 0.087 0.010 13.234 10.462
18.452 1.262 -1.971 1.316 0.084 0.010 13.247 10.463
18.464 1.242 -1.957 1.347 0.080 0.010 13.259 10.464
18.477 1.223 -1.943 1.375 0.077 0.010 13.271 10.465
18.489 1.204 -1.929 1.399 0.074 0.010 13.283 10.466
18.500 1.184 -1.915 1.422 0.071 0.010 13.295 10.467
18.512 1.165 -1.901 1.441 0.068 0.010 13.307 10.468
18.524 1.147 -1.886 1.458 0.065 0.010 13.318 10.469
18.535 1.128 -1.871 1.472 0.062 0.010 13.330 10.469
18.546 1.109 -1.857 1.485 0.059 0.010 13.341 10.470
18.557 1.091 -1.842 1.495 0.057 0.010 13.352 10.471
18.568 1.073 -1.827 1.504 0.054 0.010 13.362 10.471
18.578 1.054 -1.811 1.510 0.052 0.010 13.373 10.472
18.589 1.037 -1.796 1.516 0.049 0.010 13.383 10.472
18.599 1.019 -1.781 1.519 0.047 0.010 13.393 10.473
18.609 1.001 -1.766 1.522 0.045 0.010 13.403 10.473
18.619 0.984 -1.751 1.523 0.043 0.010 13.413 10.474
18.628 0.966 -1.735 1.523 0.041 0.010 13.423 10.474
18.638 0.949 -1.720 1.522 0.039 0.010 13.432 10.475
18.647 0.932 -1.705 1.519 0.037 0.010 13.442 10.475
18.656 0.915 -1.690 1.516 0.035 0.010 13.451 10.475
18.665 0.898 -1.675 1.512 0.033 0.010 13.460 10.476
18.674 0.882 -1.660 1.507 0.031 0.010 13.469 10.476
18.683 0.865 -1.645 1.502 0.030 0.010 13.477 10.476
18.691 0.849 -1.630 1.496 0.028 0.010 13.486 10.476
18.699 0.833 -1.615 1.489 0.027 0.010 13.494 10.477
18.708 0.817 -1.600 1.481 0.025 0.010 13.502 10.477
18.716 0.801 -1.585 1.473 0.024 0.010 13.510 10.477
18.723 0.785 -1.571 1.464 0.022 0.010 13.518 10.477
18.731 0.770 -1.556 1.455 0.021 0.010 13.526 10.477
18.739 0.754 -1.542 1.446 0.020 0.010 13.533 10.478
18.746 0.739 -1.527 1.435 0.019 0.010 13.541 10.478
18.753 0.724 -1.513 1.425 0.017 0.010 13.548 10.478
18.760 0.709 -1.499 1.414 0.016 0.010 13.555 10.478
18.767 0.694 -1.485 1.403 0.015 0.010 13.562 10.478
18.774 0.679 -1.471 1.391 0.014 0.010 13.569 10.478
18.781 0.665 -1.457 1.379 0.013 0.010 13.575 10.478
18.787 0.650 -1.443 1.366 0.013 0.010 13.582 10.478
18.794 0.636 -1.430 1.354 0.012 0.010 13.588 10.478
18.800 0.622 -1.417 1.340 0.011 0.010 13.594 10.478
18.806 0.608 -1.403 1.327 0.010 0.010 13.600 10.479
18.812 0.594 -1.390 1.313 0.009 0.010 13.606 10.479
18.818 0.580 -1.377 1.299 0.009 0.010 13.612 10.479
18.823 0.566 -1.364 1.284 0.008 0.010 13.618 10.479
18.829 0.553 -1.352 1.269 0.007 0.010 13.623 10.479
18.834 0.540 -1.339 1.254 0.007 0.010 13.629 10.479
18.840 0.526 -1.327 1.238 0.006 0.010 13.634 10.479
18.845 0.513 -1.315 1.222 0.006 0.010 13.639 10.479
18.850 0.500 -1.302 1.205 0.005 0.010 13.644 10.479
18.855 0.487 -1.291 1.188 0.005 0.010 13.649 10.479
18.859 0.474 -1.279 1.171 0.004 0.010 13.654 10.479
18.864 0.462 -1.267 1.153 0.004 0.010 13.658 10.479
18.868 0.449 -1.256 1.135 0.004 0.010 13.663 10.479
18.873 0.437 -1.245 1.117 0.003 0.010 13.667 10.479
18.877 0.424 -1.234 1.098 0.003 0.010 13.672 10.479
18.881 0.412 -1.223 1.078 0.003 0.010 13.676 10.479
18.885 0.400 -1.212 1.059 0.002 0.010 13.680 10.479
18.889 0.388 -1.202 1.038 0.002 0.010 13.684 10.479
18.893 0.376 -1.192 1.018 0.002 0.010 13.687 10.479
18.896 0.364 -1.182 0.996 0.002 0.010 13.691 10.479
18.900 0.353 -1.172 0.975 0.002 0.010 13.694 10.479
18.903 0.341 -1.163 0.953 0.001 0.010 13.698 10.479
18.907 0.329 -1.153 0.930 0.001 0.010 13.701 10.479
18.910 0.318 -1.144 0.907 0.001 0.010 13.704 10.479
18.913 0.307 -1.135 0.884 0.001 0.010 13.707 10.479
18.916 0.295 -1.127 0.860 0.001 0.010 13.710 10.479
18.919 0.284 -1.118 0.836 0.001 0.010 13.713 10.479
18.921 0.273 -1.110 0.811 0.001 0.010 13.716 10.479
18.924 0.262 -1.103 0.786 0.001 0.010 13.719 10.479
18.927 0.251 -1.095 0.760 0.000 0.010 13.721 10.479
18.929 0.240 -1.088 0.734 0.000 0.010 13.723 10.479
18.931 0.229 -1.080 0.708 0.000 0.010 13.726 10.479
18.933 0.219 -1.074 0.681 0.000 0.010 13.728 10.479
18.936 0.208 -1.067 0.654 0.000 0.010 13.730 10.479
18.938 0.197 -1.061 0.626 0.000 0.010 13.732 10.479
18.939 0.187 -1.055 0.598 0.000 0.010 13.734 10.479
18.941 0.176 -1.049 0.570 0.000 0.010 13.736 10.479
18.943 0.166 -1.044 0.541 0.000 0.010 13.737 10.479
18.944 0.156 -1.039 0.512 0.000 0.010 13.739 10.479
18.946 0.145 -1.034 0.482 0.000 0.010 13.740 10.479
18.947 0.135 -1.029 0.452 0.000 0.010 13.742 10.479
18.948 0.125 -1.025 0.422 0.000 0.010 13.743 10.479
18.950 0.114 -1.021 0.392 0.000 0.010 13.744 10.479
18.951 0.104 -1.018 0.361 0.000 0.010 13.745 10.479
18.952 0.094 -1.014 0.330 0.000 0.010 13.746 10.479
18.952 0.084 -1.011 0.299 0.000 0.010 13.747 10.479
18.953 0.074 -1.009 0.268 0.000 0.010 13.748 10.479
18.954 0.064 -1.006 0.236 0.000 0.010 13.748 10.479
18.954 0.054 -1.004 0.205 0.000 0.010 13.749 10.479
18.955 0.044 -1.002 0.173 0.000 0.010 13.749 10.479
18.955 0.034 -1.001 0.141 0.000 0.010 13.750 10.479
18.955 0.024 -1.000 0.109 0.000 0.010 13.750 10.479
18.955 0.014 -0.999 0.077 0.000 0.010 13.750 10.479
18.955 0.005 -0.844 15.505 0.000 0.010 13.750 10.479
18.955 0.001 -0.440 40.440 6.283 0.010 13.750 10.479
18.955 0.000 -0.095 34.470 6.283 0.010 13.750 10.479
0.000 0.005 0.499 49.929 0.000 0.010 0.000 -0.979
0.000 0.010 0.499 0.000 0.000 0.010 0.000 -0.979
0.000 0.020 0.999 49.929 0.000 0.010 0.000 -0.979
0.001 0.030 0.999 0.000 0.000 0.010 0.001 -0.979
0.001 0.040 0.999 -0.000 0.000 0.010 0.001 -0.979
0.002 0.050 0.999 0.000 0.000 0.010 0.002 -0.979
0.002 0.060 0.999 0.000 0.000 0.010 0.002 -0.979
0.003 0.070 0.999 -0.000 0.000 0.010 0.003 -0.979
0.004 0.080 0.999 0.000 0.000 0.010 0.004 -0.979
0.005 0.090 0.999 0.000 0.000 0.010 0.005 -0.979
0.006 0.100 0.999 0.000 0.000 0.010 0.006 -0.979
0.007 0.110 0.999 -0.000 0.000 0.010 0.007 -0.979
0.008 0.120 0.999 0.000 0.000 0.010 0.008 -0.979
0.009 0.130 0.999 -0.000 0.000 0.010 0.009 -0.979
0.011 0.140 0.999 0.000 0.000 0.010 0.011 -0.979
0.012 0.150 0.999 -0.000 0.000 0.010 0.012 -0.979
0.014 0.160 0.999 -0.000 0.000 0.010 0.014 -0.979
0.015 0.170 0.999 0.000 0.000 0.010 0.015 -0.979
0.017 0.180 0.999 0.000 0.000 0.010 0.017 -0.979
0.019 0.190 0.999 -0.000 0.000 0.010 0.019 -0.979
0.021 0.200 0.999 0.000 0.000 0.010 0.021 -0.979
0.023 0.210 0.999 0.000 0.000 0.010 0.023 -0.979
0.025 0.220 0.999 -0.000 0.000 0.010 0.025 -0.979
0.028 0.230 0.999 0.000 0.000 0.010 0.028 -0.979
0.030 0.240 0.999 0.000 0.000 0.010 0.030 -0.979
0.032 0.250 0.999 -0.000 0.000 0.010 0.032 -0.979
0.035 0.260 0.999 0.000 0.000 0.010 0.035 -0.979
0.038 0.270 0.999 -0.000 0.000 0.010 0.038 -0.979
0.041 0.280 0.999 0.000 0.000 0.010 0.041 -0.979
0.043 0.290 0.999 -0.000 0.000 0.010 0.043 -0.979
0.046 0.300 0.999 0.000 0.000 0.010 0.046 -0.979
0.050 0.310 0.999 -0.000 0.000 0.010 0.050 -0.979
0.053 0.320 0.999 0.000 0.000 0.010 0.053 -0.979
0.056 0.330 0.999 -0.000 0.000 0.010 0.056 -0.979
0.059 0.340 0.999 0.000 0.000 0.010 0.059 -0.979
0.063 0.350 0.999 0.000 0.000 0.010 0.063 -0.979
0.067 0.359 0.999 -0.000 0.000 0.010 0.067 -0.979
0.070 0.369 0.999 0.000 0.000 0.010 0.070 -0.979
0.074 0.379 0.999 -0.000 0.000 0.010 0.074 -0.979
0.078 0.389 0.999 0.000 0.000 0.010 0.078 -0.979
0.082 0.399 0.999 -0.000 0.000 0.010 0.082 -0.979
0.086 0.409 0.999 0.000 0.000 0.010 0.086 -0.979
0.090 0.419 0.999 0.000 0.000 0.010 0.090 -0.979
0.094 0.429 0.999 -0.000 0.000 0.010 0.094 -0.979
0.099 0.439 0.999 0.000 0.000 0.010 0.099 -0.979
0.103 0.449 0.999 0.000 0.000 0.010 0.103 -0.979
0.108 0.459 0.999 -0.000 0.000 0.010 0.108 -0.979
0.113 0.469 0.999 -0.000 0.000 0.010 0.113 -0.979
0.117 0.479 0.999 0.000 0.000 0.010 0.117 -0.979
0.122 0.489 0.999 0.000 0.000 0.010 0.122 -0.979
0.127 0.499 0.999 0.000 0.000 0.010 0.127 -0.979
0.132 0.509 0.999 0.000 0.000 0.010 0.132 -0.979
0.138 0.519 0.999 0.000 0.000 0.010 0.138 -0.979
0.143 0.529 0.999 0.000 0.000 0.010 0.143 -0.979
0.148 0.539 0.999 -0.000 0.000 0.010 0.148 -0.979
0.154 0.549 0.999 0.000 0.000 0.010 0.154 -0.979
0.159 0.559 0.999 0.000 0.000 0.010 0.159 -0.979
0.165 0.569 0.999 -0.000 0.000 0.010 0.165 -0.979
0.171 0.579 0.999 -0.000 0.000 0.010 0.171 -0.979
0.177 0.589 0.999 -0.000 0.000 0.010 0.177 -0.979
0.183 0.599 0.999 0.000 0.000 0.010 0.183 -0.979
0.189 0.609 0.999 -0.000 0.000 0.010 0.189 -0.979
0.195 0.619 0.999 -0.000 0.000 0.010 0.195 -0.979
0.201 0.629 0.999 0.000 0.000 0.010 0.201 -0.979
0.208 0.639 0.999 -0.000 0.000 0.010 0.208 -0.979
0.214 0.649 0.999 0.000 0.000 0.010 0.214 -0.979
0.221 0.659 0.999 -0.000 0.000 0.010 0.221 -0.979
0.228 0.669 0.999 -0.000 0.000 0.010 0.228 -0.979
0.234 0.679 0.999 0.000 0.000 0.010 0.234 -0.979
0.241 0.689 0.999 -0.000 0.000 0.010 0.241 -0.979
0.248 0.699 0.999 0.000 0.000 0.010 0.248 -0.979
0.255 0.709 0.999 0.000 0.000 0.010 0.255 -0.979
0.262 0.719 0.999 -0.000 0.000 0.010 0.262 -0.979
0.270 0.729 0.999 0.000 0.000 0.010 0.270 -0.979
0.277 0.739 0.999 0.000 0.000 0.010 0.277 -0.979
0.285 0.749 0.999 -0.000 0.000 0.010 0.285 -0.979
0.292 0.759 0.999 -0.000 0.000 0.010 0.292 -0.979
0.300 0.769 0.999 0.000 0.000 0.010 0.300 -0.979
0.308 0.779 0.999 -0.000 0.000 0.010 0.308 -0.979
0.316 0.789 0.999 -0.000 0.000 0.010 0.316 -0.979
0.324 0.799 0.999 -0.000 0.000 0.010 0.324 -0.979
0.332 0.809 0.999 0.000 0.000 0.010 0.332 -0.979
0.340 0.819 0.999 -0.000 0.000 0.010 0.340 -0.979
0.348 0.829 0.999 0.000 0.000 0.010 0.348 -0.979
0.357 0.839 0.999 -0.000 0.000 0.010 0.357 -0.979
0.365 0.849 0.999 0.000 0.000 0.010 0.365 -0.979
0.374 0.859 0.999 -0.000 0.000 0.010 0.374 -0.979
0.382 0.869 0.999 0.000 0.000 0.010 0.382 -0.979
0.391 0.879 0.999 0.000 0.000 0.010 0.391 -0.979
0.400 0.889 0.999 -0.000 0.000 0.010 0.400 -0.979
0.409 0.899 0.999 0.000 0.000 0.010 0.409 -0.979
0.418 0.909 0.999 -0.000 0.000 0.010 0.418 -0.979
0.427 0.919 0.999 0.000 0.000 0.010 0.427 -0.979
0.437 0.929 0.999 0.000 0.000 0.010 0.437 -0.979
0.446 0.939 0.999 -0.000 0.000 0.010 0.446 -0.979
0.455 0.949 0.999 0.000 0.000 0.010 0.455 -0.979
0.465 0.959 0.999 -0.000 0.000 0.010 0.465 -0.979
0.475 0.969 0.999 0.000 0.000 0.010 0.475 -0.979
0.484 0.979 0.999 -0.000 0.000 0.010 0.484 -0.979
0.494 0.989 0.999 -0.000 0.000 0.010 0.494 -0.979
0.504 0.999 0.999 0.000 0.000 0.010 0.504 -0.979
0.514 1.009 0.999 -0.000 0.000 0.010 0.514 -0.979
0.525 1.019 0.999 0.000 0.000 0.010 0.525 -0.979
0.535 1.029 0.999 -0.000 0.000 0.010 0.535 -0.979
0.545 1.039 0.999 0.000 0.000 0.010 0.545 -0.979
0.556 1.049 0.999 0.000 0.000 0.010 0.556 -0.979
0.566 1.058 0.999 0.000 0.000 0.010 0.566 -0.979
0.577 1.068 0.999 -0.000 0.000 0.010 0.577 -0.979
0.588 1.078 0.999 0.000 0.000 0.010 0.588 -0.979
0.599 1.088 0.999 -0.000 0.000 0.010 0.599 -0.979
0.610 1.098 0.999 0.000 0.000 0.010 0.610 -0.979
0.621 1.108 0.999 -0.000 0.000 0.010 0.621 -0.979
0.632 1.118 0.999 0.000 0.000 0.010 0.632 -0.979
0.643 1.128 0.999 -0.000 0.000 0.010 0.643 -0.979
0.655 1.138 0.999 0.000 0.000 0.010 0.655 -0.979
0.666 1.148 0.999 0.000 0.000 0.010 0.666 -0.979
0.678 1.158 0.999 0.000 0.000 0.010 0.678 -0.979
0.689 1.168 0.999 0.000 0.000 0.010 0.689 -0.979
0.701 1.178 0.999 0.000 0.000 0.010 0.701 -0.979
0.713 1.188 0.999 0.000 0.000 0.010 0.713 -0.979
0.725 1.198 0.999 -0.000 0.000 0.010 0.725 -0.979
0.737 1.208 0.999 0.000 0.000 0.010 0.737 -0.979
0.749 1.218 0.999 0.000 0.000 0.010 0.749 -0.979
0.762 1.228 0.999 0.000 0.000 0.010 0.762 -0.979
0.774 1.238 0.999 0.000 0.000 0.010 0.774 -0.979
0.786 1.248 0.999 -0.000 0.000 0.010 0.786 -0.979
0.799 1.258 0.999 0.000 0.000 0.010 0.799 -0.979
0.812 1.268 0.999 0.000 0.000 0.010 0.812 -0.979
0.824 1.278 0.999 0.000 0.000 0.010 0.824 -0.979
0.837 1.288 0.999 -0.000 0.000 0.010 0.837 -0.979
0.850 1.298 0.999 0.000 0.000 0.010 0.850 -0.979
0.863 1.308 0.999 0.000 0.000 0.010 0.863 -0.979
0.877 1.318 0.999 -0.000 0.000 0.010 0.877 -0.979
0.890 1.328 0.999 0.000 0.000 0.010 0.890 -0.979
0.903 1.338 0.999 0.000 0.000 0.010 0.903 -0.979
0.917 1.348 0.999 -0.000 0.000 0.010 0.917 -0.979
0.930 1.358 0.999 0.000 0.000 0.010 0.930 -0.979
0.944 1.368 0.999 0.000 0.000 0.010 0.944 -0.979
0.958 1.378 0.999 0.000 0.000 0.010 0.958 -0.979
0.972 1.388 0.999 -0.000 0.000 0.010 0.972 -0.979
0.986 1.398 0.999 0.000 0.000 0.010 0.986 -0.979
1.000 1.408 0.999 0.000 0.000 0.010 1.000 -0.979
1.014 1.418 0.999 -0.000 0.000 0.010 1.014 -0.979
1.028 1.428 0.999 0.000 0.000 0.010 1.028 -0.979
1.043 1.438 0.999 -0.000 0.000 0.010 1.043 -0.979
1.057 1.448 0.999 0.000 0.000 0.010 1.057 -0.979
1.072 1.458 0.999 -0.000 0.000 0.010 1.072 -0.979
1.086 1.468 0.999 0.000 0.000 0.010 1.086 -0.979
1.101 1.478 0.999 -0.000 0.000 0.010 1.101 -0.979
1.116 1.488 0.999 0.000 0.000 0.010 1.116 -0.979
1.131 1.498 0.999 -0.000 0.000 0.010 1.131 -0.979
1.146 1.508 0.999 0.000 0.000 0.010 1.146 -0.979
1.161 1.518 0.999 0.000 0.000 0.010 1.161 -0.979
1.176 1.528 0.999 -0.000 0.000 0.010 1.176 -0.979
1.192 1.538 0.999 0.000 0.000 0.010 1.192 -0.979
1.207 1.548 0.999 -0.000 0.000 0.010 1.207 -0.979
1.223 1.558 0.999 -0.000 0.000 0.010 1.223 -0.979
1.239 1.568 0.999 0.000 0.000 0.010 1.239 -0.979
1.254 1.578 0.999 0.000 0.000 0.010 1.254 -0.979
1.270 1.588 0.999 0.000 0.000 0.010 1.270 -0.979
1.286 1.598 0.999 -0.000 0.000 0.010 1.286 -0.979
1.302 1.608 0.999 0.000 0.000 0.010 1.302 -0.979
1.318 1.618 0.999 0.000 0.000 0.010 1.318 -0.979
1.335 1.628 0.999 -0.000 0.000 0.010 1.335 -0.979
1.351 1.638 0.999 0.000 0.000 0.010 1.351 -0.979
1.368 1.648 0.999 -0.000 0.000 0.010 1.368 -0.979
1.384 1.658 0.999 0.000 0.000 0.010 1.384 -0.979
1.401 1.668 0.999 0.000 0.000 0.010 1.401 -0.979
1.418 1.678 0.999 -0.000 0.000 0.010 1.418 -0.979
1.434 1.688 0.999 -0.000 0.000 0.010 1.434 -0.979
1.451 1.698 0.999 0.000 0.000 0.010 1.451 -0.979
1.469 1.708 0.999 -0.000 0.000 0.010 1.469 -0.979
1.486 1.718 0.999 -0.000 0.000 0.010 1.486 -0.979
1.503 1.728 0.999 0.000 0.000 0.010 1.503 -0.979
1.520 1.738 0.999 0.000 0.000 0.010 1.520 -0.979
1.538 1.748 0.999 -0.000 0.000 0.010 1.538 -0.979
1.555 1.757 0.999 0.000 0.000 0.010 1.555 -0.979
1.573 1.767 0.999 0.000 0.000 0.010 1.573 -0.979
1.591 1.777 0.999 0.000 0.000 0.010 1.591 -0.979
1.609 1.787 0.999 -0.000 0.000 0.010 1.609 -0.979
1.627 1.797 0.999 0.000 0.000 0.010 1.627 -0.979
1.645 1.807 0.999 -0.000 0.000 0.010 1.645 -0.979
1.663 1.817 0.999 0.000 0.000 0.010 1.663 -0.979
1.681 1.827 0.999 -0.000 0.000 0.010 1.681 -0.979
1.700 1.837 0.999 0.000 0.000 0.010 1.700 -0.979
1.718 1.847 0.999 -0.000 0.000 0.010 1.718 -0.979
1.737 1.857 0.999 0.000 0.000 0.010 1.737 -0.979
1.755 1.867 0.999 -0.000 0.000 0.010 1.755 -0.979
1.774 1.877 0.999 0.000 0.000 0.010 1.774 -0.979
1.793 1.887 0.999 -0.000 0.000 0.010 1.793 -0.979
1.812 1.897 0.999 0.000 0.000 0.010 1.812 -0.979
1.831 1.907 0.999 0.000 0.000 0.010 1.831 -0.979
1.850 1.917 0.999 -0.000 0.000 0.010 1.850 -0.979
1.869 1.927 0.999 0.000 0.000 0.010 1.869 -0.979
1.889 1.937 0.999 0.000 0.000 0.010 1.889 -0.979
1.908 1.947 0.999 -0.000 0.000 0.010 1.908 -0.979
1.928 1.957 0.999 0.000 0.000 0.010 1.928 -0.979
1.948 1.967 0.999 0.000 0.000 0.010 1.948 -0.979
1.967 1.977 0.999 -0.000 0.000 0.010 1.967 -0.979
1.987 1.987 0.999 -0.000 0.000 0.010 1.987 -0.979
2.007 1.997 0.999 0.000 0.000 0.010 2.007 -0.979
2.027 2.007 0.999 -0.000 0.000 0.010 2.027 -0.979
2.047 2.017 0.999 0.000 0.000 0.010 2.047 -0.979
2.068 2.027 0.999 -0.000 0.000 0.010 2.068 -0.979
2.088 2.037 0.999 -0.000 0.000 0.010 2.088 -0.979
2.109 2.047 0.999 0.000 0.000 0.010 2.109 -0.979
2.129 2.057 0.999 -0.000 0.000 0.010 2.129 -0.979
2.150 2.067 0.999 0.000 0.000 0.010 2.150 -0.979
2.171 2.077 0.999 -0.000 0.000 0.010 2.171 -0.979
2.191 2.087 0.999 0.000 0.000 0.010 2.191 -0.979
2.212 2.097 0.999 -0.000 0.000 0.010 2.212 -0.979
2.233 2.107 0.999 0.000 0.000 0.010 2.233 -0.979
2.255 2.117 0.999 0.000 0.000 0.010 2.255 -0.979
2.276 2.127 0.999 0.000 0.000 0.010 2.276 -0.979
2.297 2.137 0.999 0.000 0.000 0.010 2.297 -0.979
2.319 2.147 0.999 0.000 0.000 0.010 2.319 -0.979
2.340 2.157 0.999 0.000 0.000 0.010 2.340 -0.979
2.362 2.167 0.999 0.000 0.000 0.010 2.362 -0.979
2.384 2.177 0.999 -0.000 0.000 0.010 2.384 -0.979
2.406 2.187 0.999 0.000 0.000 0.010 2.406 -0.979
2.428 2.197 0.999 0.000 0.000 0.010 2.428 -0.979
2.450 2.207 0.999 0.000 0.000 0.010 2.450 -0.979
2.472 2.217 0.999 0.000 0.000 0.010 2.472 -0.979
2.494 2.227 0.999 -0.000 0.000 0.010 2.494 -0.979
2.516 2.238 1.127 12.854 0.000 0.010 2.516 -0.979
2.539 2.253 1.460 33.260 0.000 0.010 2.539 -0.979
2.562 2.267 1.479 1.952 0.000 0.010 2.562 -0.979
2.584 2.282 1.482 0.291 0.000 0.010 2.584 -0.979
2.607 2.297 1.485 0.309 0.001 0.010 2.607 -0.979
2.631 2.312 1.488 0.327 0.001 0.010 2.631 -0.979
2.654 2.327 1.492 0.345 0.001 0.010 2.654 -0.979
2.677 2.342 1.496 0.364 0.001 0.010 2.677 -0.979
2.701 2.357 1.499 0.383 0.002 0.010 2.701 -0.979
2.725 2.372 1.503 0.402 0.002 0.010 2.725 -0.979
2.748 2.387 1.508 0.422 0.003 0.010 2.748 -0.979
2.772 2.402 1.512 0.442 0.003 0.010 2.772 -0.979
2.797 2.417 1.517 0.463 0.004 0.010 2.797 -0.979
2.821 2.433 1.522 0.485 0.005 0.010 2.821 -0.979
2.845 2.448 1.527 0.507 0.005 0.010 2.845 -0.978
2.870 2.463 1.532 0.528 0.006 0.010 2.870 -0.978
2.895 2.478 1.537 0.551 0.007 0.010 2.895 -0.978
2.920 2.494 1.543 0.575 0.008 0.010 2.920 -0.978
2.945 2.509 1.549 0.598 0.009 0.010 2.945 -0.978
2.970 2.525 1.555 0.623 0.010 0.010 2.970 -0.977
2.996 2.541 1.562 0.648 0.011 0.010 2.996 -0.977
3.021 2.556 1.569 0.674 0.012 0.010 3.021 -0.977
3.047 2.572 1.576 0.700 0.013 0.010 3.047 -0.977
3.073 2.588 1.583 0.727 0.015 0.010 3.073 -0.976
3.099 2.604 1.590 0.754 0.016 0.010 3.099 -0.976
3.125 2.620 1.598 0.783 0.017 0.010 3.125 -0.975
3.151 2.636 1.606 0.812 0.019 0.010 3.151 -0.975
3.178 2.652 1.615 0.842 0.020 0.010 3.178 -0.974
3.204 2.668 1.624 0.872 0.022 0.010 3.204 -0.974
3.231 2.685 1.633 0.903 0.023 0.010 3.231 -0.973
3.258 2.701 1.642 0.936 0.025 0.010 3.258 -0.973
3.286 2.717 1.652 0.969 0.027 0.010 3.285 -0.972
3.313 2.734 1.662 1.002 0.028 0.010 3.313 -0.971
3.340 2.751 1.672 1.037 0.030 0.010 3.340 -0.970
3.368 2.768 1.683 1.073 0.032 0.010 3.368 -0.969
3.396 2.785 1.694 1.109 0.034 0.010 3.396 -0.969
3.424 2.802 1.705 1.147 0.036 0.010 3.424 -0.968
3.452 2.819 1.717 1.185 0.039 0.010 3.452 -0.967
3.480 2.836 1.729 1.225 0.041 0.010 3.480 -0.965
3.509 2.853 1.742 1.265 0.043 0.010 3.509 -0.964
3.538 2.871 1.755 1.306 0.046 0.010 3.537 -0.963
3.567 2.889 1.769 1.349 0.048 0.010 3.566 -0.962
3.596 2.907 1.782 1.392 0.051 0.010 3.595 -0.960
3.625 2.925 1.797 1.437 0.053 0.010 3.625 -0.959
3.654 2.943 1.812 1.482 0.056 0.010 3.654 -0.957
3.684 2.961 1.827 1.529 0.059 0.010 3.683 -0.955
3.714 2.979 1.843 1.576 0.062 0.010 3.713 -0.954
3.744 2.998 1.859 1.625 0.065 0.010 3.743 -0.952
3.774 3.017 1.876 1.676 0.068 0.010 3.773 -0.950
3.804 3.036 1.893 1.725 0.071 0.010 3.804 -0.948
3.835 3.055 1.911 1.778 0.074 0.010 3.834 -0.945
3.865 3.074 1.929 1.831 0.077 0.010 3.865 -0.943
3.896 3.093 1.948 1.885 0.081 0.010 3.895 -0.941
3.928 3.113 1.967 1.940 0.084 0.010 3.927 -0.938
3.959 3.133 1.987 1.995 0.088 0.010 3.958 -0.935
3.990 3.153 2.008 2.053 0.092 0.010 3.989 -0.932
4.022 3.173 2.029 2.110 0.096 0.010 4.021 -0.929
4.054 3.194 2.051 2.168 0.100 0.010 4.053 -0.926
4.086 3.215 2.073 2.227 0.104 0.010 4.084 -0.923
4.119 3.236 2.096 2.287 0.108 0.010 4.117 -0.920
4.151 3.257 2.119 2.346 0.112 0.010 4.149 -0.916
4.184 3.278 2.143 2.407 0.117 0.010 4.182 -0.912
4.217 3.300 2.168 2.467 0.121 0.010 4.214 -0.908
4.250 3.322 2.193 2.528 0.126 0.010 4.247 -0.904
4.284 3.344 2.219 2.588 0.131 0.010 4.281 -0.900
4.317 3.366 2.246 2.648 0.136 0.010 4.314 -0.896
4.351 3.389 2.273 2.706 0.141 0.010 4.347 -0.891
4.385 3.412 2.300 2.765 0.146 0.010 4.381 -0.886
4.420 3.435 2.329 2.822 0.151 0.010 4.415 -0.881
4.454 3.459 2.357 2.877 0.157 0.010 4.449 -0.876
4.489 3.483 2.387 2.931 0.162 0.010 4.484 -0.870
4.524 3.507 2.416 2.982 0.168 0.010 4.518 -0.864
4.559 3.532 2.447 3.031 0.174 0.010 4.553 -0.858
4.595 3.556 2.477 3.076 0.180 0.010 4.588 -0.852
4.631 3.581 2.509 3.117 0.186 0.010 4.623 -0.846
4.667 3.607 2.540 3.153 0.192 0.010 4.659 -0.839
4.703 3.633 2.572 3.186 0.199 0.010 4.694 -0.832
4.740 3.659 2.604 3.212 0.205 0.010 4.730 -0.824
4.777 3.685 2.636 3.231 0.212 0.010 4.766 -0.817
4.814 3.712 2.669 3.244 0.219 0.010 4.803 -0.809
4.851 3.739 2.701 3.247 0.226 0.010 4.839 -0.801
4.889 3.766 2.734 3.242 0.234 0.010 4.876 -0.792
4.927 3.794 2.766 3.227 0.241 0.010 4.913 -0.783
4.965 3.822 2.798 3.199 0.249 0.010 4.950 -0.774
5.003 3.850 2.830 3.162 0.257 0.010 4.987 -0.764
5.042 3.879 2.861 3.107 0.265 0.010 5.024 -0.754
5.081 3.907 2.891 3.041 0.273 0.010 5.062 -0.744
5.121 3.937 2.921 2.957 0.282 0.010 5.100 -0.733
5.160 3.966 2.949 2.855 0.291 0.010 5.138 -0.722
5.200 3.996 2.977 2.736 0.299 0.010 5.176 -0.710
5.241 4.026 3.003 2.594 0.309 0.010 5.215 -0.698
5.281 4.056 3.027 2.433 0.318 0.010 5.253 -0.686
5.322 4.087 3.049 2.248 0.327 0.010 5.292 -0.673
5.363 4.117 3.070 2.036 0.337 0.010 5.331 -0.659
5.405 4.148 3.088 1.802 0.347 0.010 5.370 -0.645
5.446 4.179 3.103 1.536 0.357 0.010 5.409 -0.631
5.489 4.210 3.116 1.247 0.368 0.010 5.449 -0.616
5.531 4.242 3.125 0.923 0.378 0.010 5.488 -0.600
5.574 4.273 3.131 0.573 0.389 0.010 5.528 -0.585
5.617 4.304 3.132 0.189 0.400 0.010 5.567 -0.568
5.660 4.336 3.130 -0.226 0.411 0.010 5.607 -0.551
5.704 4.367 3.123 -0.672 0.423 0.010 5.647 -0.533
5.748 4.398 3.112 -1.152 0.434 0.010 5.687 -0.515
5.792 4.429 3.095 -1.661 0.446 0.010 5.727 -0.496
5.837 4.460 3.073 -2.202 0.458 0.010 5.767 -0.477
5.882 4.490 3.046 -2.772 0.471 0.010 5.808 -0.456
5.927 4.520 3.012 -3.369 0.483 0.010 5.848 -0.436
5.972 4.550 2.972 -3.991 0.496 0.010 5.888 -0.414
6.018 4.579 2.926 -4.635 0.509 0.010 5.928 -0.392
6.064 4.608 2.873 -5.299 0.522 0.010 5.968 -0.370
6.110 4.636 2.813 -5.978 0.535 0.010 6.008 -0.346
6.157 4.664 2.746 -6.666 0.549 0.010 6.048 -0.322
6.204 4.690 2.673 -7.361 0.562 0.010 6.088 -0.297
6.251 4.716 2.592 -8.055 0.576 0.010 6.128 -0.272
6.299 4.741 2.505 -8.744 0.590 0.010 6.167 -0.246
6.346 4.765 2.410 -9.420 0.604 0.010 6.207 -0.219
6.394 4.788 2.310 -10.078 0.618 0.010 6.246 -0.192
6.442 4.810 2.203 -10.710 0.633 0.010 6.285 -0.163
6.491 4.831 2.089 -11.310 0.647 0.010 6.324 -0.135
6.539 4.851 1.971 -11.871 0.662 0.010 6.362 -0.105
6.588 4.870 1.847 -12.387 0.676 0.010 6.400 -0.075
6.637 4.887 1.718 -12.851 0.691 0.010 6.438 -0.044
6.686 4.903 1.586 -13.258 0.706 0.010 6.476 -0.012
6.735 4.917 1.450 -13.602 0.721 0.010 6.513 0.020
6.784 4.930 1.311 -13.880 0.736 0.010 6.550 0.053
6.834 4.942 1.170 -14.086 0.750 0.010 6.586 0.086
6.883 4.952 1.028 -14.219 0.765 0.010 6.622 0.120
6.933 4.961 0.885 -14.277 0.780 0.010 6.658 0.155
6.982 4.968 0.743 -14.260 0.795 0.010 6.693 0.190
7.032 4.974 0.601 -14.166 0.810 0.010 6.727 0.226
7.082 4.979 0.461 -13.999 0.825 0.010 6.761 0.262
7.132 4.982 0.323 -13.760 0.839 0.010 6.795 0.299
7.182 4.984 0.189 -13.452 0.854 0.010 6.828 0.336
7.231 4.985 0.058 -13.080 0.868 0.010 6.860 0.374
7.281 4.984 -0.069 -12.648 0.883 0.010 6.892 0.412
7.331 4.982 -0.190 -12.162 0.897 0.010 6.924 0.451
7.381 4.979 -0.306 -11.629 0.911 0.010 6.954 0.490
7.431 4.975 -0.417 -11.054 0.925 0.010 6.985 0.530
7.480 4.970 -0.521 -10.444 0.939 0.010 7.014 0.569
7.530 4.964 -0.619 -9.806 0.953 0.010 7.043 0.610
7.580 4.956 -0.711 -9.147 0.966 0.010 7.072 0.650
7.629 4.948 -0.796 -8.474 0.980 0.010 7.100 0.691
7.678 4.940 -0.874 -7.791 0.993 0.010 7.127 0.732
7.728 4.930 -0.945 -7.108 1.006 0.010 7.154 0.774
7.777 4.920 -1.009 -6.426 1.018 0.010 7.180 0.816
7.826 4.910 -1.066 -5.755 1.031 0.010 7.205 0.858
7.875 4.898 -1.117 -5.096 1.043 0.010 7.230 0.900
7.924 4.887 -1.162 -4.455 1.055 0.010 7.254 0.942
7.973 4.875 -1.200 -3.835 1.067 0.010 7.278 0.985
8.021 4.862 -1.233 -3.239 1.079 0.010 7.301 1.027
8.070 4.850 -1.259 -2.670 1.090 0.010 7.324 1.070
8.118 4.837 -1.281 -2.130 1.101 0.010 7.346 1.113
8.166 4.824 -1.297 -1.620 1.112 0.010 7.368 1.156
8.214 4.811 -1.308 -1.141 1.123 0.010 7.389 1.200
8.262 4.798 -1.315 -0.693 1.133 0.010 7.409 1.243
8.310 4.785 -1.318 -0.279 1.143 0.010 7.430 1.286
8.358 4.771 -1.317 0.104 1.153 0.010 7.449 1.330
8.406 4.758 -1.312 0.455 1.163 0.010 7.468 1.373
8.453 4.745 -1.305 0.776 1.173 0.010 7.487 1.417
8.500 4.732 -1.294 1.064 1.182 0.010 7.505 1.461
8.548 4.720 -1.281 1.326 1.191 0.010 7.523 1.505
8.595 4.707 -1.265 1.558 1.200 0.010 7.540 1.548
8.642 4.694 -1.248 1.763 1.208 0.010 7.557 1.592
8.688 4.682 -1.228 1.944 1.217 0.010 7.573 1.636
8.735 4.670 -1.207 2.099 1.225 0.010 7.589 1.680
8.782 4.658 -1.185 2.232 1.233 0.010 7.605 1.724
8.828 4.647 -1.161 2.344 1.240 0.010 7.620 1.768
8.874 4.635 -1.137 2.436 1.248 0.010 7.635 1.812
8.921 4.624 -1.112 2.509 1.255 0.010 7.649 1.856
8.967 4.613 -1.086 2.566 1.262 0.010 7.664 1.899
9.013 4.603 -1.060 2.605 1.269 0.010 7.677 1.943
9.059 4.592 -1.034 2.631 1.276 0.010 7.691 1.987
9.105 4.582 -1.008 2.643 1.282 0.010 7.704 2.031
9.150 4.572 -0.981 2.642 1.288 0.010 7.717 2.075
9.196 4.563 -0.955 2.631 1.294 0.010 7.730 2.119
9.241 4.554 -0.929 2.609 1.300 0.010 7.742 2.163
9.287 4.545 -0.903 2.578 1.306 0.010 7.754 2.206
9.332 4.536 -0.878 2.538 1.311 0.010 7.766 2.250
9.378 4.527 -0.853 2.491 1.316 0.010 7.777 2.294
9.423 4.519 -0.828 2.436 1.321 0.010 7.788 2.338
9.468 4.511 -0.805 2.376 1.326 0.010 7.799 2.382
9.513 4.503 -0.781 2.310 1.331 0.010 7.810 2.425
9.558 4.496 -0.759 2.238 1.335 0.010 7.821 2.469
9.603 4.488 -0.737 2.163 1.340 0.010 7.831 2.513
9.648 4.481 -0.717 2.083 1.344 0.010 7.841 2.556
9.692 4.474 -0.697 2.000 1.348 0.010 7.851 2.600
9.737 4.467 -0.677 1.914 1.352 0.010 7.861 2.644
9.782 4.461 -0.659 1.824 1.355 0.010 7.871 2.687
9.826 4.454 -0.642 1.732 1.359 0.010 7.880 2.731
9.871 4.448 -0.626 1.638 1.362 0.010 7.889 2.774
9.915 4.442 -0.610 1.541 1.365 0.010 7.899 2.818
9.959 4.436 -0.596 1.443 1.368 0.010 7.908 2.861
10.004 4.430 -0.582 1.342 1.371 0.010 7.916 2.904
10.048 4.424 -0.570 1.241 1.374 0.010 7.925 2.948
10.092 4.419 -0.558 1.137 1.376 0.010 7.934 2.991
10.136 4.413 -0.548 1.033 1.379 0.010 7.942 3.034
10.180 4.408 -0.539 0.927 1.381 0.010 7.951 3.078
10.224 4.403 -0.531 0.819 1.383 0.010 7.959 3.121
10.268 4.397 -0.524 0.711 1.385 0.010 7.967 3.164
10.312 4.392 -0.518 0.601 1.386 0.010 7.975 3.207
10.356 4.387 -0.513 0.489 1.388 0.010 7.983 3.250
10.400 4.382 -0.509 0.377 1.389 0.010 7.991 3.294
10.444 4.377 -0.506 0.263 1.391 0.010 7.999 3.337
10.487 4.372 -0.505 0.148 1.392 0.010 8.007 3.380
10.531 4.367 -0.504 0.031 1.393 0.010 8.014 3.423
10.575 4.362 -0.505 -0.087 1.393 0.010 8.022 3.466
10.618 4.357 -0.507 -0.207 1.394 0.010 8.030 3.508
10.662 4.352 -0.511 -0.329 1.395 0.010 8.037 3.551
10.705 4.346 -0.515 -0.452 1.395 0.010 8.045 3.594
10.749 4.341 -0.521 -0.577 1.395 0.010 8.053 3.637
10.792 4.336 -0.528 -0.704 1.395 0.010 8.060 3.680
10.835 4.328 -0.785 -25.678 1.395 0.010 8.068 3.722
10.878 4.314 -1.440 -65.543 1.395 0.010 8.075 3.765
10.921 4.293 -2.088 -64.749 1.394 0.010 8.083 3.807
10.964 4.269 -2.423 -33.510 1.394 0.010 8.090 3.849
11.006 4.244 -2.509 -8.659 1.393 0.010 8.098 3.891
11.049 4.218 -2.503 0.641 1.392 0.010 8.105 3.932
11.091 4.193 -2.498 0.519 1.391 0.010 8.113 3.973
11.132 4.169 -2.494 0.401 1.390 0.010 8.120 4.014
11.174 4.144 -2.491 0.286 1.388 0.010 8.128 4.055
11.215 4.119 -2.489 0.173 1.387 0.010 8.135 4.096
11.256 4.094 -2.489 0.063 1.385 0.010 8.143 4.136
11.297 4.069 -2.489 -0.044 1.383 0.010 8.150 4.176
11.337 4.044 -2.491 -0.148 1.381 0.010 8.158 4.216
11.377 4.019 -2.493 -0.250 1.379 0.010 8.166 4.255
11.417 3.994 -2.497 -0.348 1.377 0.010 8.173 4.294
11.457 3.969 -2.501 -0.445 1.375 0.010 8.181 4.333
11.496 3.944 -2.506 -0.538 1.372 0.010 8.189 4.372
11.535 3.919 -2.513 -0.629 1.369 0.010 8.196 4.410
11.574 3.894 -2.520 -0.718 1.366 0.010 8.204 4.448
11.613 3.868 -2.528 -0.802 1.363 0.010 8.212 4.486
11.651 3.843 -2.537 -0.885 1.360 0.010 8.220 4.524
11.690 3.818 -2.546 -0.964 1.357 0.010 8.228 4.561
11.728 3.792 -2.557 -1.040 1.353 0.010 8.236 4.598
11.765 3.766 -2.568 -1.112 1.349 0.010 8.245 4.635
11.803 3.741 -2.580 -1.181 1.346 0.010 8.253 4.672
11.840 3.715 -2.592 -1.246 1.342 0.010 8.261 4.708
11.877 3.689 -2.605 -1.307 1.337 0.010 8.270 4.744
11.913 3.662 -2.619 -1.363 1.333 0.010 8.278 4.779
11.950 3.636 -2.633 -1.415 1.328 0.010 8.287 4.815
11.986 3.610 -2.648 -1.462 1.324 0.010 8.296 4.850
12.022 3.583 -2.663 -1.502 1.319 0.010 8.304 4.884
12.057 3.556 -2.678 -1.538 1.314 0.010 8.313 4.919
12.092 3.529 -2.694 -1.566 1.309 0.010 8.322 4.953
12.127 3.502 -2.710 -1.588 1.303 0.010 8.332 4.987
12.162 3.475 -2.726 -1.602 1.298 0.010 8.341 5.020
12.197 3.448 -2.742 -1.609 1.292 0.010 8.350 5.053
12.231 3.420 -2.758 -1.607 1.286 0.010 8.360 5.086
12.265 3.392 -2.774 -1.595 1.280 0.010 8.369 5.119
12.298 3.364 -2.789 -1.574 1.274 0.010 8.379 5.151
12.332 3.336 -2.805 -1.542 1.267 0.010 8.389 5.183
12.365 3.308 -2.820 -1.499 1.261 0.010 8.399 5.214
12.398 3.280 -2.834 -1.443 1.254 0.010 8.409 5.245
12.430 3.251 -2.848 -1.376 1.247 0.010 8.419 5.276
12.462 3.223 -2.861 -1.294 1.240 0.010 8.430 5.307
12.494 3.194 -2.873 -1.197 1.232 0.010 8.440 5.337
12.526 3.165 -2.884 -1.086 1.225 0.010 8.451 5.367
12.557 3.136 -2.893 -0.958 1.217 0.010 8.462 5.396
12.588 3.107 -2.902 -0.815 1.209 0.010 8.473 5.425
12.619 3.078 -2.908 -0.652 1.201 0.010 8.484 5.454
12.650 3.049 -2.913 -0.473 1.192 0.010 8.495 5.483
12.680 3.020 -2.916 -0.274 1.184 0.010 8.506 5.511
12.710 2.991 -2.916 -0.056 1.175 0.010 8.517 5.538
12.739 2.961 -2.914 0.182 1.166 0.010 8.529 5.565
12.769 2.932 -2.910 0.440 1.157 0.010 8.541 5.592
12.798 2.903 -2.903 0.719 1.148 0.010 8.552 5.619
12.827 2.874 -2.893 1.018 1.138 0.010 8.564 5.645
12.855 2.846 -2.879 1.338 1.128 0.010 8.576 5.671
12.883 2.817 -2.862 1.677 1.118 0.010 8.589 5.696
12.911 2.789 -2.842 2.037 1.108 0.010 8.601 5.721
12.939 2.760 -2.818 2.415 1.098 0.010 8.613 5.746
12.966 2.733 -2.790 2.812 1.088 0.010 8.626 5.770
12.993 2.705 -2.757 3.225 1.077 0.010 8.639 5.794
13.020 2.678 -2.721 3.654 1.066 0.010 8.651 5.818
13.046 2.651 -2.680 4.096 1.055 0.010 8.664 5.841
13.073 2.625 -2.634 4.550 1.044 0.010 8.677 5.863
13.099 2.599 -2.584 5.013 1.033 0.010 8.691 5.886
13.124 2.573 -2.530 5.482 1.021 0.010 8.704 5.908
13.150 2.549 -2.470 5.955 1.009 0.010 8.717 5.929
13.175 2.525 -2.406 6.429 0.998 0.010 8.731 5.951
13.200 2.501 -2.337 6.899 0.986 0.010 8.745 5.972
13.225 2.479 -2.263 7.363 0.974 0.010 8.758 5.992
13.249 2.457 -2.185 7.816 0.961 0.010 8.772 6.013
13.274 2.436 -2.102 8.256 0.949 0.010 8.786 6.032
13.298 2.416 -2.016 8.677 0.937 0.010 8.801 6.052
13.322 2.396 -1.925 9.077 0.924 0.010 8.815 6.071
13.346 2.378 -1.830 9.450 0.912 0.010 8.829 6.090
13.369 2.361 -1.732 9.794 0.899 0.010 8.844 6.109
13.393 2.344 -1.631 10.105 0.886 0.010 8.859 6.127
13.416 2.329 -1.528 10.379 0.874 0.010 8.873 6.145
13.439 2.315 -1.421 10.614 0.861 0.010 8.888 6.162
13.462 2.302 -1.313 10.807 0.848 0.010 8.904 6.180
13.485 2.290 -1.204 10.956 0.835 0.010 8.919 6.197
13.508 2.279 -1.093 11.058 0.822 0.010 8.934 6.214
13.531 2.269 -0.982 11.114 0.809 0.010 8.950 6.230
13.553 2.260 -0.871 11.121 0.797 0.010 8.965 6.247
13.576 2.253 -0.760 11.081 0.784 0.010 8.981 6.263
13.598 2.246 -0.650 10.994 0.771 0.010 8.997 6.278
13.621 2.241 -0.541 10.859 0.758 0.010 9.014 6.294
13.643 2.236 -0.435 10.680 0.745 0.010 9.030 6.309
13.665 2.233 -0.330 10.457 0.733 0.010 9.046 6.324
13.688 2.231 -0.228 10.194 0.720 0.010 9.063 6.339
13.710 2.230 -0.129 9.893 0.708 0.010 9.080 6.354
13.732 2.229 -0.034 9.558 0.696 0.010 9.097 6.368
13.754 2.230 0.058 9.191 0.683 0.010 9.114 6.382
13.777 2.231 0.146 8.797 0.671 0.010 9.131 6.396
13.799 2.234 0.230 8.378 0.659 0.010 9.149 6.410
13.821 2.237 0.309 7.941 0.647 0.010 9.167 6.423
13.844 2.241 0.384 7.487 0.636 0.010 9.185 6.437
13.866 2.245 0.454 7.021 0.624 0.010 9.203 6.450
13.889 2.250 0.520 6.547 0.613 0.010 9.221 6.463
13.911 2.256 0.581 6.069 0.601 0.010 9.240 6.476
13.934 2.262 0.637 5.590 0.590 0.010 9.259 6.489
13.957 2.269 0.688 5.113 0.579 0.010 9.277 6.501
13.979 2.277 0.734 4.642 0.568 0.010 9.297 6.514
14.002 2.284 0.776 4.178 0.558 0.010 9.316 6.526
14.025 2.293 0.813 3.725 0.548 0.010 9.335 6.538
14.048 2.301 0.846 3.286 0.537 0.010 9.355 6.550
14.071 2.310 0.875 2.861 0.527 0.010 9.375 6.561
14.095 2.319 0.899 2.452 0.518 0.010 9.395 6.573
14.118 2.328 0.920 2.061 0.508 0.010 9.415 6.584
14.141 2.337 0.937 1.688 0.499 0.010 9.436 6.596
14.165 2.347 0.950 1.336 0.489 0.010 9.457 6.607
14.188 2.356 0.960 1.003 0.480 0.010 9.477 6.618
14.212 2.366 0.967 0.691 0.471 0.010 9.498 6.629
14.236 2.376 0.971 0.400 0.463 0.010 9.520 6.639
14.259 2.386 0.972 0.129 0.454 0.010 9.541 6.650
14.283 2.395 0.971 -0.121 0.446 0.010 9.563 6.660
14.307 2.405 0.967 -0.351 0.438 0.010 9.584 6.671
14.332 2.415 0.962 -0.562 0.430 0.010 9.606 6.681
14.356 2.424 0.954 -0.753 0.423 0.010 9.628 6.691
14.380 2.434 0.945 -0.926 0.415 0.010 9.651 6.701
14.405 2.443 0.934 -1.081 0.408 0.010 9.673 6.710
14.429 2.452 0.922 -1.219 0.401 0.010 9.695 6.720
14.454 2.461 0.909 -1.340 0.394 0.010 9.718 6.730
14.478 2.470 0.894 -1.446 0.388 0.010 9.741 6.739
14.503 2.479 0.879 -1.538 0.381 0.010 9.764 6.748
14.528 2.488 0.863 -1.615 0.375 0.010 9.787 6.758
14.553 2.496 0.846 -1.679 0.369 0.010 9.810 6.767
14.578 2.504 0.829 -1.732 0.363 0.010 9.834 6.776
14.603 2.512 0.811 -1.773 0.357 0.010 9.857 6.784
14.628 2.520 0.793 -1.802 0.352 0.010 9.881 6.793
14.654 2.528 0.775 -1.823 0.347 0.010 9.905 6.802
14.679 2.536 0.756 -1.834 0.341 0.010 9.928 6.810
14.705 2.543 0.738 -1.836 0.336 0.010 9.952 6.819
14.730 2.550 0.720 -1.830 0.332 0.010 9.977 6.827
14.756 2.557 0.701 -1.818 0.327 0.010 10.001 6.835
14.781 2.564 0.683 -1.798 0.323 0.010 10.025 6.844
14.807 2.571 0.666 -1.773 0.318 0.010 10.049 6.852
14.833 2.577 0.648 -1.741 0.314 0.010 10.074 6.860
14.859 2.583 0.631 -1.705 0.310 0.010 10.099 6.868
14.884 2.590 0.615 -1.664 0.306 0.010 10.123 6.876
14.910 2.596 0.598 -1.618 0.303 0.010 10.148 6.883
14.936 2.601 0.583 -1.569 0.299 0.010 10.173 6.891
14.963 2.607 0.568 -1.516 0.296 0.010 10.198 6.899
14.989 2.613 0.553 -1.460 0.293 0.010 10.223 6.906
15.015 2.618 0.539 -1.400 0.290 0.010 10.248 6.914
15.041 2.623 0.526 -1.338 0.287 0.010 10.273 6.921
15.067 2.628 0.513 -1.273 0.284 0.010 10.298 6.929
15.094 2.633 0.501 -1.207 0.282 0.010 10.323 6.936
15.120 2.638 0.489 -1.138 0.280 0.010 10.349 6.943
15.146 2.643 0.479 -1.067 0.277 0.010 10.374 6.951
15.173 2.648 0.469 -0.995 0.275 0.010 10.400 6.958
15.199 2.652 0.460 -0.921 0.273 0.010 10.425 6.965
15.226 2.657 0.451 -0.845 0.272 0.010 10.451 6.972
15.253 2.661 0.443 -0.768 0.270 0.010 10.476 6.979
15.279 2.666 0.437 -0.690 0.269 0.010 10.502 6.986
15.306 2.670 0.430 -0.610 0.267 0.010 10.528 6.993
15.333 2.674 0.425 -0.530 0.266 0.010 10.554 7.000
15.360 2.678 0.421 -0.448 0.265 0.010 10.580 7.008
15.386 2.683 0.417 -0.365 0.264 0.010 10.605 7.015
15.413 2.687 0.414 -0.281 0.263 0.010 10.631 7.022
15.440 2.691 0.412 -0.196 0.263 0.010 10.657 7.029
15.467 2.695 0.411 -0.110 0.262 0.010 10.683 7.036
15.494 2.699 0.411 -0.023 0.262 0.010 10.709 7.043
15.521 2.703 0.412 0.065 0.262 0.010 10.736 7.050
15.548 2.711 0.801 38.990 0.262 0.010 10.762 7.057
15.576 2.773 6.146 534.422 0.263 0.010 10.789 7.064
15.604 2.847 7.455 130.945 0.264 0.010 10.816 7.071
15.634 2.917 6.969 -48.574 0.267 0.010 10.844 7.079
15.663 2.982 6.508 -46.181 0.270 0.010 10.873 7.087
15.694 3.043 6.067 -44.086 0.274 0.010 10.902 7.095
15.725 3.099 5.644 -42.267 0.278 0.010 10.932 7.103
15.756 3.152 5.237 -40.699 0.284 0.010 10.962 7.112
15.788 3.200 4.843 -39.356 0.289 0.010 10.993 7.121
15.821 3.245 4.461 -38.212 0.296 0.010 11.024 7.130
15.854 3.285 4.089 -37.238 0.303 0.010 11.056 7.140
15.887 3.323 3.725 -36.408 0.310 0.010 11.087 7.150
15.920 3.356 3.368 -35.695 0.318 0.010 11.119 7.160
15.954 3.387 3.017 -35.073 0.326 0.010 11.151 7.171
15.988 3.413 2.672 -34.516 0.335 0.010 11.184 7.182
16.023 3.437 2.332 -34.001 0.344 0.010 11.216 7.194
16.057 3.457 1.997 -33.507 0.353 0.010 11.248 7.206
16.092 3.473 1.667 -33.012 0.362 0.010 11.281 7.218
16.127 3.487 1.342 -32.499 0.372 0.010 11.314 7.230
16.162 3.497 1.022 -31.953 0.382 0.010 11.346 7.243
16.197 3.504 0.709 -31.359 0.392 0.010 11.378 7.256
16.232 3.508 0.402 -30.708 0.403 0.010 11.411 7.270
16.267 3.509 0.102 -29.992 0.413 0.010 11.443 7.284
16.302 3.507 -0.190 -29.205 0.423 0.010 11.475 7.298
16.337 3.502 -0.474 -28.346 0.434 0.010 11.507 7.313
16.372 3.495 -0.748 -27.412 0.445 0.010 11.539 7.327
16.407 3.485 -1.012 -26.408 0.455 0.010 11.570 7.343
16.442 3.472 -1.265 -25.338 0.466 0.010 11.601 7.358
16.476 3.457 -1.507 -24.206 0.476 0.010 11.632 7.374
16.511 3.440 -1.738 -23.022 0.487 0.010 11.662 7.390
16.545 3.420 -1.956 -21.794 0.497 0.010 11.692 7.406
16.579 3.398 -2.161 -20.531 0.507 0.010 11.722 7.422
16.613 3.375 -2.353 -19.244 0.517 0.010 11.752 7.439
16.646 3.350 -2.533 -17.943 0.527 0.010 11.781 7.455
16.679 3.323 -2.699 -16.639 0.537 0.010 11.809 7.472
16.712 3.294 -2.853 -15.341 0.546 0.010 11.838 7.489
16.745 3.264 -2.993 -14.060 0.556 0.010 11.865 7.506
16.777 3.233 -3.121 -12.803 0.565 0.010 11.893 7.524
16.809 3.201 -3.237 -11.580 0.574 0.010 11.920 7.541
16.841 3.167 -3.341 -10.396 0.582 0.010 11.946 7.558
16.872 3.133 -3.434 -9.258 0.591 0.010 11.972 7.575
16.903 3.098 -3.515 -8.171 0.599 0.010 11.998 7.593
16.934 3.062 -3.587 -7.138 0.607 0.010 12.023 7.610
16.964 3.025 -3.648 -6.163 0.614 0.010 12.048 7.627
16.994 2.988 -3.701 -5.248 0.622 0.010 12.072 7.645
17.024 2.951 -3.745 -4.393 0.629 0.010 12.096 7.662
17.053 2.913 -3.781 -3.598 0.635 0.010 12.120 7.679
17.081 2.875 -3.809 -2.865 0.642 0.010 12.143 7.696
17.110 2.837 -3.831 -2.190 0.648 0.010 12.166 7.713
17.138 2.798 -3.847 -1.574 0.654 0.010 12.188 7.730
17.165 2.760 -3.857 -1.013 0.660 0.010 12.210 7.747
17.193 2.721 -3.862 -0.506 0.665 0.010 12.231 7.764
17.219 2.682 -3.863 -0.050 0.670 0.010 12.252 7.781
17.246 2.644 -3.859 0.358 0.675 0.010 12.273 7.797
17.272 2.605 -3.852 0.721 0.679 0.010 12.293 7.813
17.298 2.567 -3.841 1.042 0.683 0.010 12.313 7.830
17.323 2.529 -3.828 1.323 0.687 0.010 12.333 7.846
17.348 2.490 -3.812 1.569 0.691 0.010 12.352 7.861
17.372 2.453 -3.795 1.781 0.694 0.010 12.371 7.877
17.396 2.415 -3.775 1.963 0.697 0.010 12.389 7.893
17.420 2.377 -3.754 2.118 0.700 0.010 12.408 7.908
17.444 2.340 -3.731 2.248 0.702 0.010 12.425 7.923
17.467 2.303 -3.708 2.357 0.704 0.010 12.443 7.938
17.489 2.266 -3.683 2.446 0.706 0.010 12.460 7.952
17.512 2.229 -3.658 2.517 0.708 0.010 12.477 7.967
17.534 2.193 -3.632 2.574 0.709 0.010 12.494 7.981
17.555 2.157 -3.606 2.619 0.710 0.010 12.510 7.995
17.576 2.121 -3.580 2.652 0.711 0.010 12.526 8.009
17.597 2.086 -3.553 2.677 0.712 0.010 12.542 8.023
17.618 2.050 -3.526 2.694 0.712 0.010 12.558 8.036
17.638 2.015 -3.499 2.706 0.712 0.010 12.573 8.049
17.658 1.981 -3.472 2.713 0.712 0.010 12.588 8.062
17.677 1.946 -3.445 2.718 0.711 0.010 12.603 8.075
17.696 1.912 -3.417 2.721 0.711 0.010 12.617 8.087
17.715 1.878 -3.390 2.723 0.710 0.010 12.631 8.100
17.733 1.845 -3.363 2.727 0.709 0.010 12.645 8.112
17.752 1.811 -3.336 2.731 0.707 0.010 12.659 8.123
17.769 1.778 -3.308 2.739 0.705 0.010 12.673 8.135
17.787 1.745 -3.281 2.749 0.704 0.010 12.686 8.146
17.804 1.713 -3.253 2.764 0.701 0.010 12.699 8.157
17.821 1.681 -3.225 2.783 0.699 0.010 12.712 8.168
17.837 1.649 -3.197 2.807 0.697 0.010 12.724 8.179
17.853 1.617 -3.169 2.837 0.694 0.010 12.737 8.189
17.869 1.586 -3.140 2.873 0.691 0.010 12.749 8.199
17.885 1.554 -3.111 2.916 0.687 0.010 12.761 8.209
17.900 1.524 -3.081 2.966 0.684 0.010 12.773 8.219
17.915 1.493 -3.051 3.022 0.680 0.010 12.784 8.228
17.930 1.463 -3.020 3.086 0.676 0.010 12.796 8.237
17.944 1.433 -2.989 3.158 0.672 0.010 12.807 8.246
17.958 1.403 -2.956 3.236 0.668 0.010 12.818 8.255
17.972 1.374 -2.923 3.322 0.664 0.010 12.829 8.264
17.985 1.345 -2.889 3.416 0.659 0.010 12.839 8.272
17.998 1.317 -2.854 3.516 0.654 0.010 12.850 8.280
18.011 1.289 -2.817 3.623 0.649 0.010 12.860 8.288
18.024 1.261 -2.780 3.737 0.644 0.010 12.870 8.295
18.036 1.233 -2.742 3.857 0.639 0.010 12.880 8.303
18.048 1.206 -2.702 3.982 0.633 0.010 12.890 8.310
18.060 1.180 -2.661 4.113 0.627 0.010 12.899 8.317
18.072 1.154 -2.618 4.248 0.621 0.010 12.909 8.324
18.083 1.128 -2.574 4.388 0.615 0.010 12.918 8.330
18.094 1.103 -2.529 4.530 0.609 0.010 12.927 8.336
18.105 1.078 -2.482 4.675 0.603 0.010 12.936 8.343
18.115 1.053 -2.434 4.821 0.596 0.010 12.944 8.348
18.125 1.030 -2.384 4.968 0.590 0.010 12.953 8.354
18.136 1.006 -2.333 5.115 0.583 0.010 12.961 8.360
18.145 0.983 -2.281 5.260 0.576 0.010 12.970 8.365
18.155 0.961 -2.226 5.404 0.569 0.010 12.978 8.370
18.164 0.939 -2.171 5.543 0.562 0.010 12.986 8.375
18.174 0.918 -2.114 5.678 0.554 0.010 12.993 8.380
18.183 0.898 -2.056 5.808 0.547 0.010 13.001 8.385
18.191 0.878 -1.997 5.931 0.539 0.010 13.009 8.390
18.200 0.858 -1.936 6.047 0.532 0.010 13.016 8.394
18.208 0.840 -1.875 6.154 0.524 0.010 13.023 8.398
18.216 0.822 -1.812 6.251 0.516 0.010 13.030 8.402
18.225 0.804 -1.749 6.337 0.509 0.010 13.037 8.406
18.232 0.787 -1.685 6.412 0.501 0.010 13.044 8.410
18.240 0.771 -1.620 6.475 0.493 0.010 13.051 8.414
18.248 0.755 -1.555 6.525 0.485 0.010 13.058 8.417
18.255 0.741 -1.489 6.561 0.477 0.010 13.064 8.421
18.262 0.726 -1.423 6.583 0.468 0.010 13.071 8.424
18.269 0.713 -1.358 6.590 0.460 0.010 13.077 8.427
18.276 0.700 -1.292 6.583 0.452 0.010 13.083 8.430
18.283 0.688 -1.226 6.560 0.444 0.010 13.090 8.433
18.290 0.676 -1.161 6.522 0.436 0.010 13.096 8.436
18.297 0.665 -1.096 6.469 0.427 0.010 13.102 8.439
18.303 0.655 -1.032 6.401 0.419 0.010 13.108 8.442
18.310 0.645 -0.969 6.317 0.411 0.010 13.114 8.444
18.316 0.636 -0.907 6.220 0.403 0.010 13.119 8.447
18.322 0.627 -0.846 6.108 0.394 0.010 13.125 8.449
18.329 0.620 -0.786 5.983 0.386 0.010 13.131 8.451
18.335 0.612 -0.727 5.846 0.378 0.010 13.137 8.454
18.341 0.606 -0.670 5.696 0.370 0.010 13.142 8.456
18.347 0.599 -0.615 5.535 0.362 0.010 13.148 8.458
18.353 0.594 -0.561 5.364 0.354 0.010 13.153 8.460
18.359 0.589 -0.510 5.184 0.346 0.010 13.159 8.462
18.364 0.584 -0.460 4.995 0.338 0.010 13.164 8.464
18.370 0.580 -0.412 4.799 0.330 0.010 13.170 8.466
18.376 0.576 -0.366 4.597 0.322 0.010 13.175 8.468
18.382 0.573 -0.322 4.389 0.314 0.010 13.181 8.470
18.387 0.570 -0.280 4.177 0.307 0.010 13.186 8.471
18.393 0.568 -0.240 3.961 0.299 0.010 13.192 8.473
18.399 0.566 -0.203 3.744 0.292 0.010 13.197 8.475
18.404 0.564 -0.168 3.525 0.284 0.010 13.203 8.476
18.410 0.563 -0.135 3.306 0.277 0.010 13.208 8.478
18.416 0.562 -0.104 3.087 0.270 0.010 13.213 8.479
18.421 0.561 -0.075 2.869 0.262 0.010 13.219 8.481
18.427 0.561 -0.049 2.654 0.255 0.010 13.224 8.482
18.432 0.560 -0.024 2.441 0.248 0.010 13.230 8.484
18.438 0.560 -0.002 2.232 0.242 0.010 13.235 8.485
18.444 0.561 0.018 2.027 0.235 0.010 13.240 8.486
18.449 0.561 0.037 1.827 0.228 0.010 13.246 8.488
18.455 0.561 0.053 1.631 0.222 0.010 13.251 8.489
18.461 0.562 0.067 1.442 0.215 0.010 13.257 8.490
18.466 0.563 0.080 1.258 0.209 0.010 13.262 8.491
18.472 0.564 0.091 1.080 0.203 0.010 13.268 8.493
18.477 0.565 0.100 0.908 0.197 0.010 13.273 8.494
18.483 0.566 0.107 0.744 0.191 0.010 13.279 8.495
18.489 0.567 0.113 0.586 0.185 0.010 13.285 8.496
18.494 0.568 0.117 0.435 0.179 0.010 13.290 8.497
18.500 0.569 0.120 0.290 0.173 0.010 13.296 8.498
18.506 0.571 0.122 0.153 0.168 0.010 13.301 8.499
18.512 0.572 0.122 0.022 0.162 0.010 13.307 8.500
18.517 0.573 0.121 -0.101 0.157 0.010 13.313 8.501
18.523 0.574 0.119 -0.218 0.152 0.010 13.318 8.501
18.529 0.575 0.116 -0.329 0.147 0.010 13.324 8.502
18.535 0.577 0.111 -0.433 0.142 0.010 13.330 8.503
18.540 0.578 0.106 -0.530 0.137 0.010 13.335 8.504
18.546 0.579 0.100 -0.622 0.132 0.010 13.341 8.505
18.552 0.580 0.093 -0.707 0.128 0.010 13.347 8.506
18.558 0.580 0.085 -0.787 0.123 0.010 13.353 8.506
18.564 0.581 0.076 -0.861 0.119 0.010 13.359 8.507
18.569 0.582 0.067 -0.930 0.114 0.010 13.364 8.508
18.575 0.582 0.057 -0.994 0.110 0.010 13.370 8.508
18.581 0.583 0.046 -1.053 0.106 0.010 13.376 8.509
18.587 0.583 0.035 -1.107 0.102 0.010 13.382 8.510
18.593 0.583 0.024 -1.157 0.098 0.010 13.387 8.510
18.598 0.584 0.012 -1.203 0.094 0.010 13.393 8.511
18.604 0.584 -0.001 -1.244 0.091 0.010 13.399 8.511
18.610 0.583 -0.013 -1.282 0.087 0.010 13.405 8.512
18.616 0.583 -0.027 -1.316 0.084 0.010 13.411 8.512
18.622 0.583 -0.040 -1.347 0.080 0.010 13.417 8.513
18.628 0.582 -0.054 -1.375 0.077 0.010 13.422 8.513
18.633 0.582 -0.068 -1.400 0.074 0.010 13.428 8.514
18.639 0.581 -0.082 -1.421 0.071 0.010 13.434 8.514
18.645 0.580 -0.096 -1.441 0.068 0.010 13.440 8.514
18.651 0.579 -0.111 -1.458 0.065 0.010 13.445 8.515
18.657 0.577 -0.126 -1.472 0.062 0.010 13.451 8.515
18.662 0.576 -0.141 -1.485 0.059 0.010 13.457 8.515
18.668 0.574 -0.156 -1.495 0.057 0.010 13.463 8.516
18.674 0.573 -0.171 -1.504 0.054 0.010 13.468 8.516
18.680 0.571 -0.186 -1.510 0.052 0.010 13.474 8.516
18.685 0.569 -0.201 -1.516 0.049 0.010 13.480 8.517
18.691 0.567 -0.216 -1.519 0.047 0.010 13.485 8.517
18.697 0.564 -0.231 -1.522 0.045 0.010 13.491 8.517
18.702 0.562 -0.246 -1.523 0.043 0.010 13.497 8.518
18.708 0.559 -0.262 -1.523 0.041 0.010 13.502 8.518
18.713 0.556 -0.277 -1.522 0.039 0.010 13.508 8.518
18.719 0.554 -0.292 -1.519 0.037 0.010 13.513 8.518
18.724 0.551 -0.307 -1.516 0.035 0.010 13.519 8.518
18.730 0.547 -0.322 -1.512 0.033 0.010 13.524 8.519
18.735 0.544 -0.337 -1.507 0.031 0.010 13.530 8.519
18.741 0.540 -0.352 -1.502 0.030 0.010 13.535 8.519
18.746 0.537 -0.367 -1.496 0.028 0.010 13.541 8.519
18.751 0.533 -0.382 -1.489 0.027 0.010 13.546 8.519
18.757 0.529 -0.397 -1.481 0.025 0.010 13.551 8.519
18.762 0.525 -0.412 -1.473 0.024 0.010 13.556 8.519
18.767 0.521 -0.427 -1.464 0.022 0.010 13.562 8.520
18.772 0.516 -0.441 -1.455 0.021 0.010 13.567 8.520
18.777 0.512 -0.456 -1.446 0.020 0.010 13.572 8.520
18.782 0.507 -0.470 -1.435 0.019 0.010 13.577 8.520
18.787 0.502 -0.484 -1.425 0.017 0.010 13.582 8.520
18.792 0.497 -0.498 -1.414 0.016 0.010 13.587 8.520
18.797 0.492 -0.512 -1.403 0.015 0.010 13.592 8.520
18.802 0.487 -0.526 -1.391 0.014 0.010 13.597 8.520
18.807 0.481 -0.540 -1.379 0.013 0.010 13.602 8.520
18.812 0.476 -0.554 -1.366 0.013 0.010 13.606 8.520
18.817 0.470 -0.567 -1.354 0.012 0.010 13.611 8.520
18.821 0.464 -0.581 -1.340 0.011 0.010 13.616 8.520
18.826 0.458 -0.594 -1.327 0.010 0.010 13.620 8.521
18.830 0.452 -0.607 -1.313 0.009 0.010 13.625 8.521
18.835 0.446 -0.620 -1.299 0.009 0.010 13.629 8.521
18.839 0.440 -0.633 -1.284 0.008 0.010 13.634 8.521
18.843 0.433 -0.646 -1.269 0.007 0.010 13.638 8.521
18.848 0.427 -0.658 -1.254 0.007 0.010 13.642 8.521
18.852 0.420 -0.670 -1.238 0.006 0.010 13.646 8.521
18.856 0.413 -0.683 -1.222 0.006 0.010 13.651 8.521
18.860 0.406 -0.695 -1.205 0.005 0.010 13.655 8.521
18.864 0.399 -0.707 -1.188 0.005 0.010 13.659 8.521
18.868 0.392 -0.718 -1.171 0.004 0.010 13.663 8.521
18.872 0.385 -0.730 -1.153 0.004 0.010 13.666 8.521
18.876 0.377 -0.741 -1.135 0.004 0.010 13.670 8.521
18.879 0.370 -0.752 -1.117 0.003 0.010 13.674 8.521
18.883 0.362 -0.763 -1.098 0.003 0.010 13.677 8.521
18.886 0.354 -0.774 -1.078 0.003 0.010 13.681 8.521
18.890 0.346 -0.785 -1.058 0.002 0.010 13.684 8.521
18.893 0.339 -0.795 -1.038 0.002 0.010 13.688 8.521
18.897 0.330 -0.805 -1.018 0.002 0.010 13.691 8.521
18.900 0.322 -0.815 -0.996 0.002 0.010 13.694 8.521
18.903 0.314 -0.825 -0.975 0.002 0.010 13.698 8.521
18.906 0.306 -0.834 -0.953 0.001 0.010 13.701 8.521
18.909 0.297 -0.844 -0.930 0.001 0.010 13.704 8.521
18.912 0.289 -0.853 -0.907 0.001 0.010 13.706 8.521
18.915 0.280 -0.862 -0.884 0.001 0.010 13.709 8.521
18.917 0.271 -0.870 -0.860 0.001 0.010 13.712 8.521
18.920 0.263 -0.879 -0.836 0.001 0.010 13.715 8.521
18.923 0.254 -0.887 -0.811 0.001 0.010 13.717 8.521
18.925 0.245 -0.895 -0.786 0.001 0.010 13.720 8.521
18.927 0.236 -0.902 -0.760 0.000 0.010 13.722 8.521
18.930 0.227 -0.910 -0.734 0.000 0.010 13.724 8.521
18.932 0.218 -0.917 -0.708 0.000 0.010 13.726 8.521
18.934 0.208 -0.923 -0.681 0.000 0.010 13.728 8.521
18.936 0.199 -0.930 -0.654 0.000 0.010 13.730 8.521
18.938 0.190 -0.936 -0.626 0.000 0.010 13.732 8.521
18.940 0.180 -0.942 -0.598 0.000 0.010 13.734 8.521
18.941 0.171 -0.948 -0.570 0.000 0.010 13.736 8.521
18.943 0.161 -0.953 -0.541 0.000 0.010 13.737 8.521
18.944 0.152 -0.958 -0.512 0.000 0.010 13.739 8.521
18.946 0.142 -0.963 -0.482 0.000 0.010 13.740 8.521
18.947 0.132 -0.968 -0.452 0.000 0.010 13.742 8.521
18.948 0.123 -0.972 -0.422 0.000 0.010 13.743 8.521
18.950 0.113 -0.976 -0.392 0.000 0.010 13.744 8.521
18.951 0.103 -0.980 -0.361 0.000 0.010 13.745 8.521
18.952 0.093 -0.983 -0.330 0.000 0.010 13.746 8.521
18.952 0.083 -0.986 -0.299 0.000 0.010 13.747 8.521
18.953 0.073 -0.989 -0.268 0.000 0.010 13.748 8.521
18.954 0.064 -0.991 -0.236 0.000 0.010 13.748 8.521
18.954 0.054 -0.993 -0.205 0.000 0.010 13.749 8.521
18.955 0.044 -0.995 -0.173 0.000 0.010 13.749 8.521
18.955 0.034 -0.996 -0.141 0.000 0.010 13.750 8.521
18.955 0.024 -0.997 -0.109 0.000 0.010 13.750 8.521
18.955 0.014 -0.998 -0.077 0.000 0.010 13.750 8.521
18.955 0.005 -0.844 15.416 0.000 0.010 13.750 8.521
18.955 0.001 -0.440 40.410 6.283 0.010 13.750 8.521
18.955 0.000 -0.095 34.466 6.283 0.010 13.750 8.521
