Wavy
646
0.000 0.005 0.499 49.892 6.283 0.010 0.000 0.979
0.000 0.010 0.499 0.001 6.283 0.010 0.000 0.979
0.000 0.020 0.998 49.897 6.283 0.010 0.000 0.979
0.001 0.030 0.998 0.012 6.283 0.010 0.001 0.979
0.001 0.040 0.998 0.018 6.283 0.010 0.001 0.979
0.002 0.050 0.998 0.024 6.283 0.010 0.002 0.979
0.002 0.060 0.999 0.030 6.283 0.010 0.002 0.979
0.003 0.070 0.999 0.036 6.283 0.010 0.003 0.979
0.004 0.080 1.000 0.042 6.283 0.010 0.004 0.979
0.005 0.090 1.000 0.047 6.283 0.010 0.005 0.979
0.006 0.100 1.001 0.053 6.283 0.010 0.006 0.979
0.007 0.110 1.001 0.059 6.283 0.010 0.007 0.979
0.008 0.120 1.002 0.065 6.283 0.010 0.008 0.979
0.009 0.130 1.002 0.070 6.283 0.010 0.009 0.979
0.011 0.140 1.003 0.076 6.283 0.010 0.011 0.979
0.012 0.150 1.004 0.082 6.283 0.010 0.012 0.979
0.014 0.160 1.005 0.087 6.283 0.010 0.014 0.979
0.015 0.170 1.006 0.093 6.283 0.010 0.015 0.979
0.017 0.180 1.007 0.098 6.283 0.010 0.017 0.979
0.019 0.190 1.008 0.103 6.283 0.010 0.019 0.979
0.021 0.200 1.009 0.109 6.283 0.010 0.021 0.979
0.023 0.210 1.010 0.114 6.283 0.010 0.023 0.979
0.025 0.221 1.011 0.119 6.283 0.010 0.025 0.979
0.028 0.231 1.012 0.124 6.283 0.010 0.028 0.979
0.030 0.241 1.014 0.129 6.283 0.010 0.030 0.979
0.033 0.251 1.015 0.134 6.283 0.010 0.033 0.979
0.035 0.261 1.017 0.138 6.283 0.010 0.035 0.979
0.038 0.271 1.018 0.143 6.283 0.010 0.038 0.979
0.041 0.282 1.019 0.148 6.283 0.010 0.041 0.979
0.044 0.292 1.021 0.152 6.283 0.010 0.044 0.979
0.047 0.302 1.022 0.156 6.283 0.010 0.047 0.979
0.050 0.312 1.024 0.161 6.283 0.010 0.050 0.979
0.053 0.322 1.026 0.165 6.283 0.010 0.053 0.979
0.056 0.333 1.027 0.169 6.283 0.010 0.056 0.979
0.060 0.343 1.029 0.172 6.283 0.010 0.060 0.979
0.063 0.353 1.031 0.176 6.283 0.010 0.063 0.979
0.067 0.364 1.033 0.180 6.283 0.010 0.067 0.979
0.071 0.374 1.035 0.183 6.283 0.010 0.071 0.979
0.074 0.384 1.036 0.186 6.283 0.010 0.074 0.979
0.078 0.395 1.038 0.189 6.283 0.010 0.078 0.979
0.082 0.405 1.040 0.192 6.283 0.010 0.082 0.979
0.087 0.416 1.042 0.195 6.282 0.010 0.087 0.979
0.091 0.426 1.044 0.198 6.282 0.010 0.091 0.979
0.095 0.436 1.046 0.200 6.282 0.010 0.095 0.979
0.100 0.447 1.048 0.203 6.282 0.010 0.100 0.979
0.104 0.457 1.050 0.205 6.282 0.010 0.104 0.979
0.109 0.468 1.052 0.207 6.282 0.010 0.109 0.979
0.114 0.479 1.054 0.209 6.282 0.010 0.114 0.979
0.119 0.489 1.057 0.211 6.282 0.010 0.119 0.979
0.124 0.500 1.059 0.212 6.282 0.010 0.124 0.979
0.129 0.510 1.061 0.214 6.282 0.010 0.129 0.979
0.134 0.521 1.063 0.215 6.282 0.010 0.134 0.979
0.139 0.532 1.065 0.216 6.281 0.010 0.139 0.979
0.145 0.542 1.067 0.217 6.281 0.010 0.145 0.979
0.150 0.553 1.069 0.217 6.281 0.010 0.150 0.979
0.156 0.564 1.072 0.218 6.281 0.010 0.156 0.979
0.162 0.574 1.074 0.218 6.281 0.010 0.162 0.979
0.167 0.585 1.076 0.218 6.281 0.010 0.167 0.979
0.173 0.596 1.078 0.218 6.280 0.010 0.173 0.979
0.180 0.607 1.080 0.217 6.280 0.010 0.180 0.979
0.186 0.618 1.082 0.217 6.280 0.010 0.186 0.979
0.192 0.628 1.085 0.216 6.280 0.010 0.192 0.979
0.198 0.639 1.087 0.215 6.280 0.010 0.198 0.979
0.205 0.650 1.089 0.214 6.279 0.010 0.205 0.979
0.211 0.661 1.091 0.212 6.279 0.010 0.211 0.979
0.218 0.672 1.093 0.211 6.279 0.010 0.218 0.979
0.225 0.683 1.095 0.209 6.279 0.010 0.225 0.979
0.232 0.694 1.097 0.207 6.278 0.010 0.232 0.979
0.239 0.705 1.099 0.205 6.278 0.010 0.239 0.979
0.246 0.716 1.101 0.202 6.278 0.010 0.246 0.979
0.253 0.727 1.103 0.200 6.278 0.010 0.253 0.979
0.261 0.738 1.105 0.197 6.277 0.010 0.261 0.979
0.268 0.749 1.107 0.194 6.277 0.010 0.268 0.978
0.276 0.760 1.109 0.190 6.277 0.010 0.276 0.978
0.284 0.771 1.111 0.187 6.276 0.010 0.284 0.978
0.291 0.782 1.113 0.183 6.276 0.010 0.291 0.978
0.299 0.794 1.115 0.179 6.276 0.010 0.299 0.978
0.307 0.805 1.116 0.174 6.275 0.010 0.307 0.978
0.316 0.816 1.118 0.170 6.275 0.010 0.316 0.978
0.324 0.827 1.120 0.165 6.274 0.010 0.324 0.978
0.332 0.838 1.121 0.160 6.274 0.010 0.332 0.978
0.341 0.850 1.123 0.155 6.274 0.010 0.341 0.978
0.349 0.861 1.124 0.150 6.273 0.010 0.349 0.978
0.358 0.872 1.126 0.144 6.273 0.010 0.358 0.978
0.367 0.883 1.127 0.138 6.272 0.010 0.367 0.978
0.376 0.895 1.129 0.132 6.272 0.010 0.376 0.978
0.385 0.906 1.130 0.126 6.271 0.010 0.385 0.977
0.394 0.917 1.131 0.119 6.271 0.010 0.394 0.977
0.403 0.929 1.132 0.112 6.270 0.010 0.403 0.977
0.413 0.940 1.133 0.105 6.270 0.010 0.413 0.977
0.422 0.951 1.134 0.098 6.269 0.010 0.422 0.977
0.432 0.963 1.135 0.091 6.269 0.010 0.432 0.977
0.442 0.974 1.136 0.083 6.268 0.010 0.442 0.977
0.451 0.985 1.137 0.075 6.268 0.010 0.451 0.977
0.461 0.997 1.137 0.067 6.267 0.010 0.461 0.976
0.472 1.008 1.138 0.058 6.266 0.010 0.472 0.976
0.482 1.019 1.138 0.050 6.266 0.010 0.482 0.976
0.492 1.031 1.139 0.041 6.265 0.010 0.492 0.976
0.502 1.042 1.139 0.032 6.264 0.010 0.502 0.976
0.513 1.054 1.139 0.022 6.264 0.010 0.513 0.975
0.524 1.065 1.139 0.013 6.263 0.010 0.524 0.975
0.534 1.076 1.139 0.003 6.262 0.010 0.534 0.975
0.545 1.088 1.139 -0.007 6.262 0.010 0.545 0.975
0.556 1.099 1.139 -0.017 6.261 0.010 0.556 0.975
0.567 1.111 1.139 -0.027 6.260 0.010 0.567 0.974
0.579 1.122 1.139 -0.038 6.259 0.010 0.579 0.974
0.590 1.133 1.138 -0.048 6.259 0.010 0.590 0.974
0.601 1.145 1.138 -0.059 6.258 0.010 0.601 0.973
0.613 1.156 1.137 -0.071 6.257 0.010 0.613 0.973
0.625 1.167 1.136 -0.082 6.256 0.010 0.625 0.973
0.636 1.179 1.135 -0.093 6.255 0.010 0.636 0.973
0.648 1.190 1.134 -0.105 6.255 0.010 0.648 0.972
0.660 1.201 1.133 -0.117 6.254 0.010 0.660 0.972
0.672 1.213 1.132 -0.129 6.253 0.010 0.672 0.972
0.685 1.224 1.130 -0.141 6.252 0.010 0.685 0.971
0.697 1.235 1.129 -0.154 6.251 0.010 0.697 0.971
0.710 1.247 1.127 -0.166 6.250 0.010 0.709 0.970
0.722 1.258 1.125 -0.179 6.249 0.010 0.722 0.970
0.735 1.269 1.123 -0.192 6.248 0.010 0.735 0.969
0.748 1.280 1.121 -0.205 6.247 0.010 0.747 0.969
0.761 1.292 1.119 -0.218 6.246 0.010 0.760 0.969
0.774 1.303 1.117 -0.231 6.245 0.010 0.773 0.968
0.787 1.314 1.114 -0.245 6.244 0.010 0.787 0.968
0.800 1.325 1.112 -0.258 6.243 0.010 0.800 0.967
0.813 1.336 1.109 -0.272 6.242 0.010 0.813 0.967
0.827 1.347 1.106 -0.286 6.241 0.010 0.827 0.966
0.840 1.358 1.103 -0.300 6.240 0.010 0.840 0.965
0.854 1.369 1.100 -0.313 6.239 0.010 0.854 0.965
0.868 1.380 1.097 -0.327 6.238 0.010 0.868 0.964
0.882 1.391 1.093 -0.342 6.237 0.010 0.882 0.964
0.896 1.402 1.090 -0.356 6.236 0.010 0.896 0.963
0.910 1.413 1.086 -0.370 6.235 0.010 0.910 0.962
0.924 1.424 1.082 -0.384 6.234 0.010 0.924 0.962
0.938 1.434 1.078 -0.399 6.233 0.010 0.938 0.961
0.953 1.445 1.074 -0.413 6.232 0.010 0.953 0.960
0.967 1.456 1.070 -0.428 6.231 0.010 0.967 0.959
0.982 1.466 1.065 -0.442 6.230 0.010 0.982 0.959
0.997 1.477 1.061 -0.456 6.228 0.010 0.997 0.958
1.012 1.488 1.056 -0.471 6.227 0.010 1.011 0.957
1.027 1.498 1.051 -0.485 6.226 0.010 1.026 0.956
1.042 1.509 1.046 -0.500 6.225 0.010 1.041 0.955
1.057 1.519 1.041 -0.514 6.224 0.010 1.057 0.954
1.072 1.529 1.036 -0.529 6.223 0.010 1.072 0.953
1.088 1.540 1.030 -0.543 6.222 0.010 1.087 0.952
1.103 1.550 1.025 -0.557 6.220 0.010 1.103 0.951
1.119 1.560 1.019 -0.572 6.219 0.010 1.118 0.950
1.135 1.570 1.013 -0.586 6.218 0.010 1.134 0.949
1.150 1.580 1.007 -0.600 6.217 0.010 1.150 0.948
1.166 1.590 1.001 -0.614 6.216 0.010 1.166 0.947
1.182 1.600 0.995 -0.628 6.215 0.010 1.182 0.946
1.198 1.610 0.988 -0.642 6.213 0.010 1.198 0.945
1.215 1.620 0.982 -0.655 6.212 0.010 1.214 0.944
1.231 1.630 0.975 -0.669 6.211 0.010 1.230 0.943
1.247 1.639 0.968 -0.682 6.210 0.010 1.246 0.942
1.264 1.649 0.961 -0.696 6.209 0.010 1.263 0.940
1.280 1.659 0.954 -0.709 6.208 0.010 1.279 0.939
1.297 1.668 0.947 -0.722 6.207 0.010 1.296 0.938
1.314 1.677 0.940 -0.735 6.205 0.010 1.313 0.937
1.331 1.687 0.932 -0.747 6.204 0.010 1.329 0.935
1.348 1.696 0.925 -0.760 6.203 0.010 1.346 0.934
1.365 1.705 0.917 -0.772 6.202 0.010 1.363 0.933
1.382 1.714 0.909 -0.784 6.201 0.010 1.380 0.931
1.399 1.723 0.901 -0.796 6.200 0.010 1.398 0.930
1.416 1.732 0.893 -0.808 6.199 0.010 1.415 0.928
1.434 1.741 0.885 -0.819 6.198 0.010 1.432 0.927
1.451 1.750 0.877 -0.830 6.197 0.010 1.450 0.925
1.469 1.759 0.868 -0.841 6.196 0.010 1.467 0.924
1.487 1.767 0.860 -0.852 6.195 0.010 1.485 0.922
1.504 1.776 0.851 -0.862 6.194 0.010 1.503 0.921
1.522 1.784 0.842 -0.873 6.193 0.010 1.520 0.919
1.540 1.792 0.833 -0.883 6.192 0.010 1.538 0.917
1.558 1.801 0.825 -0.892 6.191 0.010 1.556 0.916
1.576 1.809 0.815 -0.902 6.190 0.010 1.574 0.914
1.594 1.817 0.806 -0.911 6.189 0.010 1.592 0.912
1.613 1.825 0.797 -0.919 6.188 0.010 1.610 0.911
1.631 1.833 0.788 -0.928 6.187 0.010 1.629 0.909
1.649 1.840 0.779 -0.936 6.186 0.010 1.647 0.907
1.668 1.848 0.769 -0.944 6.185 0.010 1.665 0.905
1.686 1.856 0.760 -0.951 6.184 0.010 1.684 0.904
1.705 1.863 0.750 -0.958 6.184 0.010 1.702 0.902
1.724 1.871 0.740 -0.965 6.183 0.010 1.721 0.900
1.742 1.878 0.731 -0.972 6.182 0.010 1.740 0.898
1.761 1.885 0.721 -0.978 6.181 0.010 1.758 0.896
1.780 1.892 0.711 -0.983 6.181 0.010 1.777 0.894
1.799 1.899 0.701 -0.989 6.180 0.010 1.796 0.892
1.818 1.906 0.691 -0.994 6.180 0.010 1.815 0.890
1.837 1.913 0.681 -0.998 6.179 0.010 1.834 0.888
1.857 1.920 0.671 -1.003 6.178 0.010 1.853 0.886
1.876 1.926 0.661 -1.006 6.178 0.010 1.872 0.884
1.895 1.933 0.651 -1.010 6.177 0.010 1.892 0.882
1.915 1.939 0.641 -1.013 6.177 0.010 1.911 0.880
1.934 1.946 0.631 -1.015 6.177 0.010 1.930 0.878
1.954 1.952 0.621 -1.017 6.176 0.010 1.950 0.876
1.973 1.958 0.610 -1.019 6.176 0.010 1.969 0.874
1.993 1.964 0.600 -1.020 6.176 0.010 1.989 0.872
2.012 1.970 0.590 -1.020 6.175 0.010 2.008 0.870
2.032 1.976 0.580 -1.021 6.175 0.010 2.028 0.868
2.052 1.981 0.570 -1.020 6.175 0.010 2.047 0.865
2.072 1.987 0.559 -1.019 6.175 0.010 2.067 0.863
2.092 1.992 0.549 -1.018 6.175 0.010 2.087 0.861
2.112 1.998 0.539 -1.016 6.175 0.010 2.107 0.859
2.132 2.003 0.529 -1.013 6.175 0.010 2.127 0.857
2.152 2.008 0.519 -1.009 6.175 0.010 2.147 0.855
2.172 2.013 0.509 -1.006 6.175 0.010 2.167 0.852
2.192 2.018 0.499 -1.001 6.175 0.010 2.187 0.850
2.212 2.023 0.489 -0.996 6.175 0.010 2.207 0.848
2.233 2.028 0.479 -0.990 6.176 0.010 2.227 0.846
2.253 2.033 0.469 -0.983 6.176 0.010 2.247 0.844
2.273 2.037 0.459 -0.975 6.176 0.010 2.268 0.842
2.294 2.042 0.450 -0.967 6.177 0.010 2.288 0.839
2.314 2.046 0.440 -0.957 6.177 0.010 2.308 0.837
2.335 2.050 0.431 -0.947 6.178 0.010 2.329 0.835
2.355 2.055 0.421 -0.936 6.179 0.010 2.349 0.833
2.376 2.059 0.412 -0.924 6.179 0.010 2.370 0.831
2.397 2.063 0.403 -0.911 6.180 0.010 2.390 0.829
2.417 2.067 0.394 -0.897 6.181 0.010 2.411 0.826
2.438 2.071 0.385 -0.882 6.182 0.010 2.431 0.824
2.459 2.074 0.376 -0.866 6.183 0.010 2.452 0.822
2.479 2.078 0.368 -0.848 6.184 0.010 2.473 0.820
2.500 2.082 0.360 -0.829 6.185 0.010 2.493 0.818
2.521 2.085 0.352 -0.809 6.186 0.010 2.514 0.816
2.542 2.089 0.344 -0.788 6.187 0.010 2.535 0.814
2.563 2.092 0.336 -0.765 6.188 0.010 2.556 0.812
2.584 2.095 0.329 -0.741 6.190 0.010 2.576 0.810
2.605 2.098 0.322 -0.715 6.191 0.010 2.597 0.808
2.626 2.102 0.315 -0.688 6.192 0.010 2.618 0.806
2.647 2.105 0.308 -0.659 6.194 0.010 2.639 0.804
2.668 2.108 0.302 -0.628 6.196 0.010 2.660 0.802
2.689 2.111 0.296 -0.595 6.197 0.010 2.681 0.801
2.710 2.114 0.290 -0.561 6.199 0.010 2.702 0.799
2.731 2.116 0.285 -0.524 6.201 0.010 2.723 0.797
2.753 2.119 0.280 -0.486 6.203 0.010 2.745 0.795
2.774 2.122 0.276 -0.445 6.205 0.010 2.766 0.794
2.795 2.125 0.272 -0.403 6.207 0.010 2.787 0.792
2.816 2.127 0.268 -0.358 6.209 0.010 2.808 0.790
2.838 2.130 0.265 -0.311 6.211 0.010 2.829 0.789
2.859 2.133 0.262 -0.261 6.213 0.010 2.851 0.787
2.880 2.135 0.260 -0.209 6.216 0.010 2.872 0.786
2.902 2.138 0.259 -0.155 6.218 0.010 2.893 0.784
2.923 2.140 0.258 -0.098 6.221 0.010 2.915 0.783
2.945 2.143 0.257 -0.038 6.223 0.010 2.936 0.782
2.966 2.146 0.258 0.024 6.226 0.010 2.957 0.781
2.988 2.148 0.258 0.089 6.228 0.010 2.979 0.779
3.009 2.151 0.260 0.156 6.231 0.010 3.000 0.778
3.031 2.153 0.262 0.227 6.234 0.010 3.022 0.777
3.052 2.156 0.265 0.300 6.237 0.010 3.043 0.776
3.074 2.159 0.269 0.376 6.240 0.010 3.065 0.775
3.095 2.161 0.274 0.456 6.243 0.010 3.087 0.774
3.117 2.164 0.279 0.538 6.246 0.010 3.108 0.773
3.139 2.167 0.285 0.623 6.250 0.010 3.130 0.773
3.160 2.170 0.292 0.711 6.253 0.010 3.152 0.772
3.182 2.173 0.300 0.802 6.256 0.010 3.173 0.771
3.204 2.176 0.309 0.895 6.260 0.010 3.195 0.771
3.226 2.179 0.319 0.992 6.263 0.010 3.217 0.770
3.247 2.183 0.330 1.092 6.267 0.010 3.239 0.770
3.269 2.186 0.342 1.194 6.271 0.010 3.260 0.770
3.291 2.190 0.355 1.299 6.274 0.010 3.282 0.769
3.313 2.193 0.369 1.407 6.278 0.010 3.304 0.769
3.335 2.197 0.384 1.517 6.282 0.010 3.326 0.769
3.357 2.201 0.401 1.630 0.003 0.010 3.348 0.769
3.379 2.205 0.418 1.746 0.007 0.010 3.370 0.769
3.401 2.210 0.437 1.863 0.011 0.010 3.392 0.769
3.423 2.214 0.457 1.983 0.015 0.010 3.415 0.770
3.446 2.219 0.478 2.105 0.019 0.010 3.437 0.770
3.468 2.224 0.500 2.229 0.023 0.010 3.459 0.771
3.490 2.229 0.523 2.354 0.027 0.010 3.481 0.771
3.512 2.235 0.548 2.481 0.032 0.010 3.504 0.772
3.535 2.240 0.574 2.610 0.036 0.010 3.526 0.773
3.557 2.247 0.602 2.739 0.040 0.010 3.548 0.773
3.580 2.253 0.630 2.870 0.045 0.010 3.571 0.774
3.602 2.259 0.660 3.001 0.049 0.010 3.594 0.775
3.625 2.266 0.692 3.133 0.054 0.010 3.616 0.777
3.648 2.274 0.724 3.266 0.058 0.010 3.639 0.778
3.671 2.281 0.758 3.399 0.063 0.010 3.662 0.779
3.694 2.289 0.794 3.531 0.067 0.010 3.684 0.781
3.717 2.297 0.830 3.664 0.072 0.010 3.707 0.782
3.740 2.306 0.868 3.797 0.076 0.010 3.730 0.784
3.763 2.315 0.908 3.929 0.081 0.010 3.753 0.786
3.786 2.325 0.948 4.060 0.085 0.010 3.777 0.788
3.809 2.335 0.990 4.191 0.090 0.010 3.800 0.790
3.833 2.345 1.033 4.321 0.095 0.010 3.823 0.792
3.856 2.356 1.078 4.450 0.099 0.010 3.847 0.794
3.880 2.367 1.124 4.578 0.104 0.010 3.870 0.797
3.904 2.379 1.171 4.706 0.108 0.010 3.894 0.799
3.928 2.391 1.219 4.832 0.113 0.010 3.918 0.802
3.952 2.403 1.269 4.957 0.117 0.010 3.942 0.805
3.976 2.417 1.319 5.082 0.122 0.010 3.966 0.807
4.000 2.430 1.371 5.205 0.126 0.010 3.990 0.810
4.025 2.445 1.425 5.328 0.131 0.010 4.014 0.814
4.049 2.459 1.479 5.451 0.135 0.010 4.038 0.817
4.074 2.475 1.535 5.573 0.139 0.010 4.063 0.820
4.099 2.491 1.592 5.696 0.143 0.010 4.087 0.824
4.124 2.507 1.650 5.819 0.148 0.010 4.112 0.827
4.149 2.524 1.710 5.942 0.152 0.010 4.137 0.831
4.175 2.542 1.770 6.067 0.156 0.010 4.162 0.835
4.200 2.560 1.832 6.194 0.160 0.010 4.188 0.839
4.226 2.579 1.895 6.323 0.163 0.010 4.213 0.843
4.252 2.599 1.960 6.455 0.167 0.010 4.239 0.847
4.278 2.619 2.026 6.590 0.171 0.010 4.265 0.852
4.305 2.640 2.093 6.729 0.174 0.010 4.291 0.856
4.331 2.662 2.162 6.874 0.178 0.010 4.317 0.861
4.358 2.684 2.232 7.024 0.181 0.010 4.343 0.866
4.385 2.707 2.304 7.181 0.184 0.010 4.370 0.871
4.412 2.731 2.377 7.346 0.187 0.010 4.397 0.876
4.440 2.755 2.453 7.519 0.190 0.010 4.424 0.881
4.468 2.781 2.530 7.701 0.193 0.010 4.451 0.886
4.496 2.807 2.609 7.895 0.195 0.010 4.479 0.892
4.524 2.834 2.690 8.101 0.197 0.010 4.506 0.897
4.553 2.861 2.773 8.319 0.200 0.010 4.534 0.903
4.582 2.890 2.858 8.552 0.202 0.010 4.563 0.909
4.611 2.919 2.946 8.801 0.203 0.010 4.591 0.914
4.640 2.950 3.037 9.067 0.205 0.010 4.620 0.920
4.670 2.981 3.130 9.351 0.206 0.010 4.649 0.927
4.700 3.013 3.227 9.655 0.207 0.010 4.679 0.933
4.731 3.047 3.327 9.981 0.208 0.010 4.709 0.939
4.762 3.081 3.430 10.329 0.209 0.010 4.739 0.945
4.793 3.116 3.537 10.702 0.209 0.010 4.769 0.952
4.824 3.153 3.691 15.434 0.209 0.010 4.800 0.958
4.857 3.228 7.502 381.050 0.209 0.010 4.832 0.965
4.890 3.325 9.719 221.711 0.207 0.010 4.864 0.972
4.924 3.420 9.464 -25.491 0.205 0.010 4.898 0.979
4.959 3.509 8.944 -52.014 0.202 0.010 4.932 0.986
4.995 3.589 7.930 -101.448 0.198 0.010 4.967 0.993
5.032 3.657 6.861 -106.870 0.193 0.010 5.003 1.000
5.069 3.719 6.151 -70.991 0.188 0.010 5.040 1.007
5.107 3.776 5.723 -42.817 0.182 0.010 5.077 1.014
5.145 3.830 5.390 -33.254 0.175 0.010 5.114 1.021
5.184 3.881 5.065 -32.507 0.168 0.010 5.153 1.028
5.223 3.928 4.745 -31.969 0.160 0.010 5.191 1.034
5.263 3.972 4.429 -31.615 0.151 0.010 5.231 1.040
5.303 4.014 4.115 -31.417 0.142 0.010 5.270 1.046
5.343 4.052 3.802 -31.348 0.132 0.010 5.311 1.052
5.384 4.086 3.488 -31.381 0.122 0.010 5.351 1.057
5.425 4.118 3.173 -31.488 0.112 0.010 5.392 1.062
5.467 4.147 2.857 -31.642 0.101 0.010 5.433 1.066
5.509 4.172 2.538 -31.817 0.090 0.010 5.475 1.070
5.551 4.194 2.219 -31.985 0.078 0.010 5.517 1.074
5.593 4.213 1.897 -32.124 0.067 0.010 5.559 1.077
5.635 4.229 1.575 -32.209 0.054 0.010 5.601 1.079
5.677 4.242 1.253 -32.221 0.042 0.010 5.643 1.081
5.720 4.251 0.932 -32.140 0.030 0.010 5.686 1.083
5.762 4.257 0.612 -31.952 0.017 0.010 5.728 1.084
5.805 4.260 0.296 -31.646 0.004 0.010 5.771 1.084
5.848 4.260 -0.017 -31.211 6.274 0.010 5.813 1.084
5.890 4.257 -0.323 -30.645 6.262 0.010 5.856 1.084
5.933 4.250 -0.622 -29.944 6.248 0.010 5.898 1.082
5.975 4.241 -0.914 -29.112 6.235 0.010 5.941 1.081
6.017 4.229 -1.195 -28.153 6.222 0.010 5.983 1.078
6.060 4.215 -1.466 -27.076 6.210 0.010 6.025 1.075
6.102 4.197 -1.725 -25.892 6.197 0.010 6.067 1.072
6.143 4.178 -1.971 -24.614 6.184 0.010 6.108 1.068
6.185 4.156 -2.203 -23.256 6.171 0.010 6.150 1.064
6.226 4.131 -2.422 -21.834 6.159 0.010 6.191 1.059
6.267 4.105 -2.625 -20.365 6.146 0.010 6.232 1.054
6.308 4.077 -2.814 -18.866 6.134 0.010 6.272 1.048
6.348 4.047 -2.988 -17.352 6.122 0.010 6.312 1.042
6.389 4.016 -3.146 -15.838 6.111 0.010 6.351 1.035
6.428 3.983 -3.289 -14.340 6.099 0.010 6.391 1.028
6.468 3.949 -3.418 -12.871 6.088 0.010 6.429 1.020
6.507 3.913 -3.532 -11.442 6.077 0.010 6.468 1.013
6.546 3.877 -3.633 -10.063 6.066 0.010 6.506 1.004
6.584 3.840 -3.721 -8.744 6.056 0.010 6.543 0.996
6.622 3.802 -3.795 -7.490 6.045 0.010 6.580 0.987
6.660 3.763 -3.859 -6.308 6.036 0.010 6.617 0.978
6.697 3.724 -3.911 -5.200 6.026 0.010 6.653 0.969
6.734 3.685 -3.952 -4.170 6.017 0.010 6.688 0.959
6.770 3.645 -3.984 -3.219 6.008 0.010 6.723 0.950
6.806 3.605 -4.008 -2.346 5.999 0.010 6.758 0.940
6.842 3.564 -4.023 -1.550 5.991 0.010 6.792 0.929
6.877 3.524 -4.032 -0.830 5.983 0.010 6.826 0.919
6.912 3.484 -4.034 -0.184 5.975 0.010 6.859 0.909
6.947 3.443 -4.030 0.393 5.968 0.010 6.892 0.898
6.981 3.403 -4.021 0.902 5.960 0.010 6.924 0.887
7.014 3.363 -4.007 1.349 5.954 0.010 6.956 0.877
7.048 3.323 -3.990 1.736 5.947 0.010 6.988 0.866
7.080 3.284 -3.969 2.068 5.941 0.010 7.019 0.855
7.113 3.244 -3.946 2.349 5.935 0.010 7.049 0.844
7.145 3.205 -3.920 2.582 5.929 0.010 7.079 0.833
7.177 3.166 -3.892 2.773 5.924 0.010 7.109 0.822
7.208 3.127 -3.863 2.924 5.919 0.010 7.138 0.811
7.239 3.089 -3.832 3.039 5.914 0.010 7.167 0.800
7.269 3.051 -3.801 3.122 5.910 0.010 7.195 0.789
7.299 3.013 -3.769 3.176 5.906 0.010 7.223 0.778
7.329 2.976 -3.737 3.204 5.902 0.010 7.251 0.767
7.358 2.939 -3.705 3.209 5.898 0.010 7.278 0.756
7.387 2.902 -3.673 3.193 5.895 0.010 7.305 0.745
7.416 2.866 -3.642 3.160 5.892 0.010 7.332 0.734
7.444 2.830 -3.611 3.111 5.889 0.010 7.358 0.723
7.472 2.794 -3.580 3.049 5.887 0.010 7.384 0.712
7.500 2.758 -3.550 2.975 5.885 0.010 7.409 0.702
7.527 2.723 -3.521 2.891 5.883 0.010 7.434 0.691
7.554 2.688 -3.493 2.800 5.881 0.010 7.459 0.680
7.581 2.654 -3.466 2.701 5.879 0.010 7.483 0.670
7.607 2.619 -3.441 2.598 5.878 0.010 7.507 0.660
7.633 2.585 -3.416 2.490 5.877 0.010 7.531 0.650
7.658 2.551 -3.392 2.379 5.876 0.010 7.555 0.639
7.683 2.517 -3.369 2.267 5.876 0.010 7.578 0.629
7.708 2.484 -3.348 2.153 5.876 0.010 7.600 0.620
7.733 2.451 -3.327 2.040 5.875 0.010 7.623 0.610
7.757 2.418 -3.308 1.927 5.876 0.010 7.645 0.600
7.781 2.385 -3.290 1.815 5.876 0.010 7.667 0.591
7.804 2.352 -3.273 1.706 5.877 0.010 7.689 0.582
7.827 2.319 -3.257 1.599 5.878 0.010 7.710 0.572
7.850 2.287 -3.242 1.496 5.879 0.010 7.731 0.563
7.873 2.255 -3.228 1.396 5.880 0.010 7.752 0.555
7.895 2.223 -3.215 1.301 5.882 0.010 7.772 0.546
7.917 2.190 -3.203 1.210 5.884 0.010 7.792 0.537
7.939 2.159 -3.191 1.126 5.886 0.010 7.812 0.529
7.960 2.127 -3.181 1.046 5.888 0.010 7.832 0.521
7.981 2.095 -3.171 0.974 5.890 0.010 7.851 0.513
8.001 2.063 -3.162 0.908 5.893 0.010 7.870 0.505
8.022 2.032 -3.154 0.849 5.896 0.010 7.889 0.497
8.042 2.000 -3.146 0.798 5.899 0.010 7.908 0.490
8.061 1.969 -3.138 0.756 5.903 0.010 7.926 0.482
8.081 1.938 -3.131 0.722 5.906 0.010 7.944 0.475
8.100 1.907 -3.124 0.697 5.910 0.010 7.962 0.468
8.119 1.875 -3.117 0.681 5.914 0.010 7.979 0.461
8.137 1.844 -3.110 0.676 5.918 0.010 7.996 0.455
8.155 1.813 -3.104 0.681 5.923 0.010 8.013 0.448
8.173 1.782 -3.097 0.697 5.927 0.010 8.030 0.442
8.191 1.751 -3.089 0.724 5.932 0.010 8.046 0.436
8.208 1.721 -3.082 0.763 5.937 0.010 8.063 0.430
8.225 1.690 -3.074 0.815 5.942 0.010 8.078 0.424
8.241 1.659 -3.065 0.878 5.948 0.010 8.094 0.419
8.258 1.629 -3.055 0.955 5.954 0.010 8.109 0.414
8.273 1.598 -3.045 1.045 5.960 0.010 8.125 0.408
8.289 1.568 -3.033 1.149 5.966 0.010 8.140 0.403
8.305 1.538 -3.021 1.266 5.972 0.010 8.154 0.399
8.320 1.508 -3.007 1.397 5.979 0.010 8.168 0.394
8.334 1.478 -2.991 1.542 5.985 0.010 8.183 0.390
8.349 1.448 -2.974 1.702 5.992 0.010 8.196 0.386
8.363 1.418 -2.955 1.875 5.999 0.010 8.210 0.382
8.377 1.389 -2.935 2.063 6.007 0.010 8.223 0.378
8.391 1.360 -2.912 2.264 6.014 0.010 8.237 0.374
8.404 1.331 -2.887 2.478 6.022 0.010 8.249 0.371
8.417 1.302 -2.860 2.706 6.030 0.010 8.262 0.367
8.430 1.274 -2.831 2.946 6.038 0.010 8.274 0.364
8.442 1.246 -2.799 3.197 6.046 0.010 8.286 0.361
8.454 1.218 -2.764 3.459 6.055 0.010 8.298 0.358
8.466 1.191 -2.727 3.731 6.064 0.010 8.310 0.356
8.478 1.164 -2.687 4.011 6.072 0.010 8.321 0.353
8.489 1.138 -2.644 4.299 6.081 0.010 8.332 0.351
8.500 1.112 -2.598 4.593 6.091 0.010 8.343 0.349
8.511 1.086 -2.549 4.890 6.100 0.010 8.354 0.347
8.522 1.061 -2.497 5.191 6.109 0.010 8.364 0.345
8.532 1.037 -2.442 5.492 6.119 0.010 8.375 0.343
8.542 1.013 -2.384 5.791 6.129 0.010 8.385 0.341
8.552 0.990 -2.324 6.087 6.139 0.010 8.394 0.340
8.562 0.967 -2.260 6.378 6.149 0.010 8.404 0.339
8.571 0.945 -2.193 6.660 6.159 0.010 8.413 0.337
8.581 0.924 -2.124 6.933 6.169 0.010 8.423 0.336
8.590 0.904 -2.052 7.193 6.179 0.010 8.432 0.335
8.598 0.884 -1.977 7.439 6.190 0.010 8.440 0.334
8.607 0.865 -1.901 7.668 6.200 0.010 8.449 0.334
8.616 0.847 -1.822 7.878 6.211 0.010 8.457 0.333
8.624 0.829 -1.741 8.068 6.222 0.010 8.466 0.332
8.632 0.813 -1.659 8.234 6.233 0.010 8.474 0.332
8.640 0.797 -1.575 8.376 6.243 0.010 8.482 0.332
8.648 0.782 -1.490 8.493 6.254 0.010 8.490 0.331
8.655 0.768 -1.404 8.582 6.265 0.010 8.497 0.331
8.663 0.755 -1.318 8.642 6.276 0.010 8.505 0.331
8.670 0.742 -1.231 8.674 0.004 0.010 8.512 0.331
8.678 0.731 -1.145 8.677 0.015 0.010 8.519 0.331
8.685 0.720 -1.058 8.650 0.026 0.010 8.527 0.331
8.692 0.711 -0.972 8.593 0.037 0.010 8.534 0.332
8.699 0.702 -0.887 8.507 0.048 0.010 8.541 0.332
8.706 0.694 -0.803 8.392 0.059 0.010 8.548 0.332
8.713 0.687 -0.721 8.250 0.070 0.010 8.555 0.333
8.720 0.680 -0.640 8.081 0.081 0.010 8.561 0.333
8.726 0.675 -0.561 7.887 0.092 0.010 8.568 0.334
8.733 0.670 -0.484 7.669 0.103 0.010 8.575 0.334
8.740 0.666 -0.410 7.430 0.113 0.010 8.581 0.335
8.746 0.662 -0.338 7.170 0.124 0.010 8.588 0.336
8.753 0.660 -0.269 6.893 0.135 0.010 8.594 0.337
8.760 0.658 -0.203 6.600 0.145 0.010 8.601 0.338
8.766 0.656 -0.140 6.294 0.156 0.010 8.607 0.339
8.773 0.655 -0.081 5.976 0.166 0.010 8.614 0.340
8.779 0.655 -0.024 5.650 0.176 0.010 8.620 0.341
8.786 0.655 0.029 5.316 0.187 0.010 8.627 0.342
8.792 0.656 0.079 4.978 0.197 0.010 8.633 0.343
8.799 0.657 0.125 4.637 0.207 0.010 8.640 0.345
8.805 0.659 0.168 4.295 0.216 0.010 8.646 0.346
8.812 0.661 0.208 3.955 0.226 0.010 8.653 0.347
8.819 0.664 0.244 3.617 0.236 0.010 8.659 0.349
8.825 0.666 0.277 3.284 0.245 0.010 8.666 0.350
8.832 0.669 0.306 2.957 0.254 0.010 8.672 0.352
8.839 0.673 0.333 2.637 0.263 0.010 8.679 0.354
8.846 0.676 0.356 2.326 0.272 0.010 8.685 0.356
8.852 0.680 0.376 2.025 0.281 0.010 8.692 0.358
8.859 0.684 0.393 1.733 0.290 0.010 8.698 0.359
8.866 0.688 0.408 1.453 0.299 0.010 8.705 0.361
8.873 0.692 0.420 1.185 0.307 0.010 8.711 0.364
8.880 0.697 0.429 0.928 0.315 0.010 8.718 0.366
8.887 0.701 0.436 0.684 0.324 0.010 8.725 0.368
8.894 0.705 0.440 0.453 0.332 0.010 8.731 0.370
8.901 0.710 0.443 0.235 0.340 0.010 8.738 0.372
8.908 0.714 0.443 0.029 0.347 0.010 8.745 0.375
8.915 0.719 0.441 -0.164 0.355 0.010 8.752 0.377
8.923 0.723 0.438 -0.344 0.362 0.010 8.758 0.380
8.930 0.727 0.433 -0.513 0.369 0.010 8.765 0.382
8.937 0.732 0.426 -0.669 0.377 0.010 8.772 0.385
8.945 0.736 0.418 -0.813 0.384 0.010 8.779 0.388
8.952 0.740 0.409 -0.946 0.390 0.010 8.786 0.391
8.959 0.744 0.398 -1.068 0.397 0.010 8.792 0.394
8.967 0.748 0.386 -1.179 0.404 0.010 8.799 0.396
8.974 0.751 0.373 -1.280 0.410 0.010 8.806 0.399
8.982 0.755 0.360 -1.372 0.416 0.010 8.813 0.402
8.990 0.758 0.345 -1.455 0.423 0.010 8.820 0.406
8.997 0.762 0.330 -1.528 0.429 0.010 8.827 0.409
9.005 0.765 0.314 -1.594 0.434 0.010 8.834 0.412
9.013 0.768 0.297 -1.652 0.440 0.010 8.841 0.415
9.020 0.771 0.280 -1.702 0.446 0.010 8.848 0.418
9.028 0.773 0.263 -1.746 0.451 0.010 8.855 0.422
9.036 0.776 0.245 -1.784 0.457 0.010 8.862 0.425
9.044 0.778 0.227 -1.815 0.462 0.010 8.869 0.429
9.051 0.780 0.208 -1.841 0.467 0.010 8.876 0.432
9.059 0.782 0.190 -1.862 0.472 0.010 8.883 0.436
9.067 0.784 0.171 -1.879 0.477 0.010 8.890 0.439
9.075 0.785 0.152 -1.890 0.482 0.010 8.897 0.443
9.083 0.787 0.133 -1.898 0.486 0.010 8.904 0.447
9.091 0.788 0.114 -1.903 0.491 0.010 8.911 0.450
9.098 0.789 0.095 -1.903 0.495 0.010 8.918 0.454
9.106 0.789 0.076 -1.901 0.499 0.010 8.924 0.458
9.114 0.790 0.057 -1.896 0.504 0.010 8.931 0.462
9.122 0.790 0.038 -1.889 0.508 0.010 8.938 0.465
9.130 0.791 0.019 -1.879 0.512 0.010 8.945 0.469
9.138 0.791 0.001 -1.867 0.516 0.010 8.952 0.473
9.146 0.790 -0.018 -1.854 0.519 0.010 8.959 0.477
9.154 0.790 -0.036 -1.839 0.523 0.010 8.966 0.481
9.162 0.789 -0.054 -1.822 0.527 0.010 8.973 0.485
9.170 0.789 -0.072 -1.804 0.530 0.010 8.979 0.489
9.177 0.788 -0.090 -1.785 0.534 0.010 8.986 0.493
9.185 0.787 -0.108 -1.765 0.537 0.010 8.993 0.497
9.193 0.786 -0.125 -1.745 0.540 0.010 9.000 0.501
9.201 0.784 -0.143 -1.723 0.543 0.010 9.006 0.505
9.209 0.783 -0.160 -1.701 0.546 0.010 9.013 0.509
9.217 0.781 -0.176 -1.679 0.549 0.010 9.020 0.513
9.224 0.779 -0.193 -1.656 0.552 0.010 9.026 0.517
9.232 0.777 -0.209 -1.633 0.555 0.010 9.033 0.521
9.240 0.774 -0.225 -1.610 0.558 0.010 9.040 0.525
9.248 0.772 -0.241 -1.587 0.560 0.010 9.046 0.529
9.255 0.769 -0.257 -1.563 0.563 0.010 9.053 0.533
9.263 0.767 -0.272 -1.540 0.565 0.010 9.059 0.538
9.271 0.764 -0.287 -1.517 0.568 0.010 9.066 0.542
9.278 0.761 -0.302 -1.493 0.570 0.010 9.072 0.546
9.286 0.758 -0.317 -1.470 0.572 0.010 9.078 0.550
9.293 0.754 -0.332 -1.447 0.575 0.010 9.085 0.554
9.301 0.751 -0.346 -1.425 0.577 0.010 9.091 0.558
9.308 0.747 -0.360 -1.402 0.579 0.010 9.097 0.562
9.316 0.744 -0.374 -1.380 0.581 0.010 9.104 0.566
9.323 0.740 -0.387 -1.358 0.583 0.010 9.110 0.570
9.331 0.736 -0.401 -1.337 0.585 0.010 9.116 0.574
9.338 0.732 -0.414 -1.316 0.586 0.010 9.122 0.578
9.345 0.727 -0.427 -1.295 0.588 0.010 9.128 0.582
9.352 0.723 -0.439 -1.274 0.590 0.010 9.134 0.586
9.360 0.718 -0.452 -1.254 0.592 0.010 9.140 0.590
9.367 0.714 -0.464 -1.234 0.593 0.010 9.146 0.594
9.374 0.709 -0.476 -1.215 0.595 0.010 9.152 0.598
9.381 0.704 -0.488 -1.196 0.596 0.010 9.158 0.602
9.388 0.699 -0.500 -1.177 0.598 0.010 9.163 0.606
9.395 0.694 -0.512 -1.159 0.599 0.010 9.169 0.610
9.402 0.689 -0.523 -1.141 0.601 0.010 9.175 0.614
9.408 0.683 -0.534 -1.123 0.602 0.010 9.180 0.618
9.415 0.678 -0.545 -1.106 0.603 0.010 9.186 0.622
9.422 0.672 -0.556 -1.089 0.604 0.010 9.192 0.626
9.429 0.667 -0.567 -1.072 0.605 0.010 9.197 0.629
9.435 0.661 -0.578 -1.056 0.607 0.010 9.202 0.633
9.442 0.655 -0.588 -1.040 0.608 0.010 9.208 0.637
9.448 0.649 -0.598 -1.025 0.609 0.010 9.213 0.641
9.455 0.643 -0.608 -1.009 0.610 0.010 9.218 0.644
9.461 0.637 -0.618 -0.994 0.611 0.010 9.224 0.648
9.467 0.631 -0.628 -0.980 0.612 0.010 9.229 0.652
9.474 0.624 -0.638 -0.965 0.613 0.010 9.234 0.655
9.480 0.618 -0.647 -0.951 0.613 0.010 9.239 0.659
9.486 0.611 -0.657 -0.937 0.614 0.010 9.244 0.662
9.492 0.604 -0.666 -0.923 0.615 0.010 9.249 0.666
9.498 0.598 -0.675 -0.910 0.616 0.010 9.254 0.669
9.504 0.591 -0.684 -0.896 0.616 0.010 9.259 0.673
9.510 0.584 -0.693 -0.883 0.617 0.010 9.263 0.676
9.515 0.577 -0.701 -0.870 0.618 0.010 9.268 0.679
9.521 0.570 -0.710 -0.858 0.618 0.010 9.273 0.683
9.527 0.563 -0.719 -0.845 0.619 0.010 9.277 0.686
9.532 0.555 -0.727 -0.833 0.620 0.010 9.282 0.689
9.538 0.548 -0.735 -0.820 0.620 0.010 9.286 0.692
9.543 0.541 -0.743 -0.808 0.621 0.010 9.291 0.695
9.549 0.533 -0.751 -0.796 0.621 0.010 9.295 0.698
9.554 0.525 -0.759 -0.784 0.622 0.010 9.299 0.702
9.559 0.518 -0.767 -0.772 0.622 0.010 9.304 0.705
9.564 0.510 -0.774 -0.760 0.623 0.010 9.308 0.708
9.569 0.502 -0.782 -0.748 0.623 0.010 9.312 0.710
9.574 0.494 -0.789 -0.737 0.623 0.010 9.316 0.713
9.579 0.486 -0.796 -0.725 0.624 0.010 9.320 0.716
9.584 0.478 -0.803 -0.713 0.624 0.010 9.324 0.719
9.588 0.470 -0.811 -0.702 0.624 0.010 9.327 0.722
9.593 0.462 -0.817 -0.690 0.625 0.010 9.331 0.724
9.598 0.454 -0.824 -0.679 0.625 0.010 9.335 0.727
9.602 0.446 -0.831 -0.667 0.625 0.010 9.338 0.730
9.606 0.437 -0.837 -0.655 0.625 0.010 9.342 0.732
9.611 0.429 -0.844 -0.643 0.626 0.010 9.346 0.735
9.615 0.420 -0.850 -0.632 0.626 0.010 9.349 0.737
9.619 0.412 -0.856 -0.620 0.626 0.010 9.352 0.740
9.623 0.403 -0.862 -0.608 0.626 0.010 9.356 0.742
9.627 0.394 -0.868 -0.596 0.627 0.010 9.359 0.744
9.631 0.386 -0.874 -0.584 0.627 0.010 9.362 0.747
9.635 0.377 -0.880 -0.572 0.627 0.010 9.365 0.749
9.638 0.368 -0.886 -0.560 0.627 0.010 9.368 0.751
9.642 0.359 -0.891 -0.548 0.627 0.010 9.371 0.753
9.645 0.350 -0.896 -0.536 0.627 0.010 9.374 0.755
9.649 0.341 -0.902 -0.523 0.627 0.010 9.376 0.757
9.652 0.332 -0.907 -0.511 0.627 0.010 9.379 0.759
9.655 0.323 -0.912 -0.498 0.628 0.010 9.382 0.761
9.658 0.314 -0.917 -0.485 0.628 0.010 9.384 0.763
9.662 0.305 -0.921 -0.472 0.628 0.010 9.387 0.765
9.664 0.295 -0.926 -0.459 0.628 0.010 9.389 0.766
9.667 0.286 -0.930 -0.446 0.628 0.010 9.391 0.768
9.670 0.277 -0.935 -0.433 0.628 0.010 9.394 0.770
9.673 0.267 -0.939 -0.420 0.628 0.010 9.396 0.771
9.675 0.258 -0.943 -0.406 0.628 0.010 9.398 0.773
9.678 0.248 -0.947 -0.393 0.628 0.010 9.400 0.774
9.680 0.239 -0.951 -0.379 0.628 0.010 9.402 0.776
9.683 0.229 -0.954 -0.365 0.628 0.010 9.404 0.777
9.685 0.220 -0.958 -0.351 0.628 0.010 9.405 0.778
9.687 0.210 -0.961 -0.337 0.628 0.010 9.407 0.779
9.689 0.200 -0.964 -0.323 0.628 0.010 9.409 0.781
9.691 0.191 -0.968 -0.309 0.628 0.010 9.410 0.782
9.693 0.181 -0.970 -0.294 0.628 0.010 9.412 0.783
9.694 0.171 -0.973 -0.280 0.628 0.010 9.413 0.784
9.696 0.162 -0.976 -0.265 0.628 0.010 9.414 0.785
9.697 0.152 -0.978 -0.250 0.628 0.010 9.416 0.786
9.699 0.142 -0.981 -0.236 0.628 0.010 9.417 0.786
9.700 0.132 -0.983 -0.221 0.628 0.010 9.418 0.787
9.701 0.122 -0.985 -0.206 0.628 0.010 9.419 0.788
9.702 0.112 -0.987 -0.191 0.628 0.010 9.420 0.789
9.704 0.103 -0.989 -0.175 0.628 0.010 9.421 0.789
9.704 0.093 -0.990 -0.160 0.628 0.010 9.421 0.790
9.705 0.083 -0.992 -0.145 0.628 0.010 9.422 0.790
9.706 0.073 -0.993 -0.129 0.628 0.010 9.423 0.791
9.707 0.063 -0.994 -0.114 0.628 0.010 9.423 0.791
9.707 0.053 -0.995 -0.098 0.628 0.010 9.424 0.791
9.708 0.043 -0.996 -0.083 0.628 0.010 9.424 0.792
9.708 0.033 -0.997 -0.067 0.628 0.010 9.424 0.792
9.708 0.023 -0.997 -0.052 0.628 0.010 9.424 0.792
9.708 0.013 -0.998 -0.036 0.628 0.010 9.424 0.792
9.708 0.005 -0.824 17.351 0.628 0.010 9.425 0.792
9.708 0.001 -0.401 42.311 0.628 0.010 9.425 0.792
9.708 0.000 -0.076 32.519 0.628 0.010 9.425 0.792
0.000 0.005 0.499 49.892 6.283 0.010 0.000 -0.979
0.000 0.010 0.499 -0.001 6.283 0.010 0.000 -0.979
0.000 0.020 0.998 49.886 6.283 0.010 0.000 -0.979
0.001 0.030 0.998 -0.012 6.283 0.010 0.001 -0.979
0.001 0.040 0.997 -0.018 6.283 0.010 0.001 -0.979
0.002 0.050 0.997 -0.024 6.283 0.010 0.002 -0.979
0.002 0.060 0.997 -0.030 6.283 0.010 0.002 -0.979
0.003 0.070 0.997 -0.036 6.283 0.010 0.003 -0.979
0.004 0.080 0.996 -0.042 6.283 0.010 0.004 -0.979
0.005 0.090 0.996 -0.047 6.283 0.010 0.005 -0.979
0.006 0.100 0.995 -0.053 6.283 0.010 0.006 -0.979
0.007 0.110 0.995 -0.059 6.283 0.010 0.007 -0.979
0.008 0.120 0.994 -0.065 6.283 0.010 0.008 -0.979
0.009 0.130 0.993 -0.070 6.283 0.010 0.009 -0.979
0.010 0.139 0.992 -0.076 6.283 0.010 0.010 -0.979
0.012 0.149 0.992 -0.082 6.283 0.010 0.012 -0.979
0.014 0.159 0.991 -0.087 6.283 0.010 0.014 -0.979
0.015 0.169 0.990 -0.093 6.283 0.010 0.015 -0.979
0.017 0.179 0.989 -0.098 6.283 0.010 0.017 -0.979
0.019 0.189 0.988 -0.103 6.283 0.010 0.019 -0.979
0.021 0.199 0.987 -0.109 6.283 0.010 0.021 -0.979
0.023 0.209 0.986 -0.114 6.283 0.010 0.023 -0.979
0.025 0.218 0.984 -0.119 6.283 0.010 0.025 -0.979
0.027 0.228 0.983 -0.124 6.283 0.010 0.027 -0.979
0.030 0.238 0.982 -0.129 6.283 0.010 0.030 -0.979
0.032 0.248 0.981 -0.134 6.283 0.010 0.032 -0.979
0.035 0.258 0.979 -0.138 6.283 0.010 0.035 -0.979
0.038 0.268 0.978 -0.143 6.283 0.010 0.038 -0.979
0.040 0.277 0.976 -0.148 6.283 0.010 0.040 -0.979
0.043 0.287 0.975 -0.152 6.283 0.010 0.043 -0.979
0.046 0.297 0.973 -0.156 6.283 0.010 0.046 -0.979
0.049 0.306 0.972 -0.161 6.283 0.010 0.049 -0.979
0.052 0.316 0.970 -0.165 6.283 0.010 0.052 -0.979
0.056 0.326 0.968 -0.169 6.283 0.010 0.056 -0.979
0.059 0.336 0.967 -0.172 6.283 0.010 0.059 -0.979
0.063 0.345 0.965 -0.176 6.283 0.010 0.063 -0.979
0.066 0.355 0.963 -0.180 6.283 0.010 0.066 -0.979
0.070 0.364 0.961 -0.183 6.283 0.010 0.070 -0.979
0.073 0.374 0.959 -0.186 6.283 0.010 0.073 -0.979
0.077 0.384 0.957 -0.189 6.283 0.010 0.077 -0.979
0.081 0.393 0.955 -0.192 6.283 0.010 0.081 -0.979
0.085 0.403 0.953 -0.195 6.282 0.010 0.085 -0.979
0.089 0.412 0.952 -0.198 6.282 0.010 0.089 -0.979
0.094 0.422 0.949 -0.200 6.282 0.010 0.094 -0.979
0.098 0.431 0.947 -0.203 6.282 0.010 0.098 -0.979
0.102 0.441 0.945 -0.205 6.282 0.010 0.102 -0.979
0.107 0.450 0.943 -0.207 6.282 0.010 0.107 -0.979
0.111 0.459 0.941 -0.209 6.282 0.010 0.111 -0.979
0.116 0.469 0.939 -0.211 6.282 0.010 0.116 -0.979
0.121 0.478 0.937 -0.212 6.282 0.010 0.121 -0.979
0.126 0.488 0.935 -0.214 6.282 0.010 0.126 -0.979
0.131 0.497 0.933 -0.215 6.282 0.010 0.131 -0.979
0.136 0.506 0.931 -0.216 6.281 0.010 0.136 -0.979
0.141 0.515 0.928 -0.217 6.281 0.010 0.141 -0.979
0.146 0.525 0.926 -0.217 6.281 0.010 0.146 -0.979
0.151 0.534 0.924 -0.218 6.281 0.010 0.151 -0.979
0.157 0.543 0.922 -0.218 6.281 0.010 0.157 -0.979
0.162 0.552 0.920 -0.218 6.281 0.010 0.162 -0.979
0.168 0.562 0.918 -0.218 6.280 0.010 0.168 -0.979
0.174 0.571 0.915 -0.217 6.280 0.010 0.174 -0.979
0.180 0.580 0.913 -0.217 6.280 0.010 0.180 -0.979
0.185 0.589 0.911 -0.216 6.280 0.010 0.185 -0.979
0.191 0.598 0.909 -0.215 6.280 0.010 0.191 -0.979
0.198 0.607 0.907 -0.214 6.279 0.010 0.198 -0.979
0.204 0.616 0.905 -0.212 6.279 0.010 0.204 -0.979
0.210 0.625 0.903 -0.211 6.279 0.010 0.210 -0.979
0.216 0.634 0.900 -0.209 6.279 0.010 0.216 -0.979
0.223 0.643 0.898 -0.207 6.278 0.010 0.223 -0.979
0.229 0.652 0.896 -0.205 6.278 0.010 0.229 -0.979
0.236 0.661 0.894 -0.202 6.278 0.010 0.236 -0.979
0.243 0.670 0.892 -0.200 6.278 0.010 0.243 -0.980
0.249 0.679 0.890 -0.197 6.277 0.010 0.249 -0.980
0.256 0.688 0.888 -0.194 6.277 0.010 0.256 -0.980
0.263 0.697 0.886 -0.190 6.277 0.010 0.263 -0.980
0.270 0.705 0.885 -0.187 6.276 0.010 0.270 -0.980
0.277 0.714 0.883 -0.183 6.276 0.010 0.277 -0.980
0.285 0.723 0.881 -0.179 6.276 0.010 0.285 -0.980
0.292 0.732 0.879 -0.174 6.275 0.010 0.292 -0.980
0.299 0.741 0.878 -0.170 6.275 0.010 0.299 -0.980
0.307 0.749 0.876 -0.165 6.274 0.010 0.307 -0.980
0.314 0.758 0.874 -0.160 6.274 0.010 0.314 -0.980
0.322 0.767 0.873 -0.155 6.274 0.010 0.322 -0.980
0.330 0.776 0.871 -0.150 6.273 0.010 0.330 -0.980
0.338 0.784 0.870 -0.144 6.273 0.010 0.338 -0.980
0.346 0.793 0.868 -0.138 6.272 0.010 0.346 -0.980
0.354 0.802 0.867 -0.132 6.272 0.010 0.354 -0.980
0.362 0.810 0.866 -0.126 6.271 0.010 0.362 -0.981
0.370 0.819 0.865 -0.119 6.271 0.010 0.370 -0.981
0.378 0.828 0.864 -0.112 6.270 0.010 0.378 -0.981
0.387 0.836 0.862 -0.105 6.270 0.010 0.387 -0.981
0.395 0.845 0.862 -0.098 6.269 0.010 0.395 -0.981
0.404 0.853 0.861 -0.091 6.269 0.010 0.404 -0.981
0.412 0.862 0.860 -0.083 6.268 0.010 0.412 -0.981
0.421 0.871 0.859 -0.075 6.268 0.010 0.421 -0.981
0.430 0.879 0.858 -0.067 6.267 0.010 0.430 -0.981
0.439 0.888 0.858 -0.058 6.266 0.010 0.439 -0.982
0.447 0.896 0.857 -0.050 6.266 0.010 0.447 -0.982
0.457 0.905 0.857 -0.041 6.265 0.010 0.457 -0.982
0.466 0.914 0.857 -0.032 6.264 0.010 0.466 -0.982
0.475 0.922 0.856 -0.022 6.264 0.010 0.475 -0.982
0.484 0.931 0.856 -0.013 6.263 0.010 0.484 -0.982
0.494 0.939 0.856 -0.003 6.262 0.010 0.494 -0.983
0.503 0.948 0.856 0.007 6.262 0.010 0.503 -0.983
0.513 0.956 0.856 0.017 6.261 0.010 0.513 -0.983
0.522 0.965 0.857 0.027 6.260 0.010 0.522 -0.983
0.532 0.973 0.857 0.038 6.259 0.010 0.532 -0.984
0.542 0.982 0.858 0.048 6.259 0.010 0.542 -0.984
0.552 0.991 0.858 0.059 6.258 0.010 0.552 -0.984
0.562 0.999 0.859 0.071 6.257 0.010 0.562 -0.984
0.572 1.008 0.860 0.082 6.256 0.010 0.572 -0.985
0.582 1.016 0.861 0.093 6.255 0.010 0.582 -0.985
0.592 1.025 0.862 0.105 6.255 0.010 0.592 -0.985
0.603 1.034 0.863 0.117 6.254 0.010 0.603 -0.985
0.613 1.042 0.864 0.129 6.253 0.010 0.613 -0.986
0.624 1.051 0.866 0.141 6.252 0.010 0.623 -0.986
0.634 1.060 0.867 0.154 6.251 0.010 0.634 -0.986
0.645 1.068 0.869 0.166 6.250 0.010 0.645 -0.987
0.656 1.077 0.871 0.179 6.249 0.010 0.655 -0.987
0.666 1.086 0.872 0.192 6.248 0.010 0.666 -0.987
0.677 1.095 0.874 0.205 6.247 0.010 0.677 -0.988
0.688 1.103 0.877 0.218 6.246 0.010 0.688 -0.988
0.700 1.112 0.879 0.231 6.245 0.010 0.699 -0.989
0.711 1.121 0.881 0.245 6.244 0.010 0.711 -0.989
0.722 1.130 0.884 0.258 6.243 0.010 0.722 -0.990
0.733 1.139 0.887 0.272 6.242 0.010 0.733 -0.990
0.745 1.147 0.890 0.286 6.241 0.010 0.745 -0.990
0.756 1.156 0.893 0.300 6.240 0.010 0.756 -0.991
0.768 1.165 0.896 0.313 6.239 0.010 0.768 -0.991
0.780 1.174 0.899 0.327 6.238 0.010 0.780 -0.992
0.792 1.183 0.902 0.342 6.237 0.010 0.791 -0.993
0.804 1.192 0.906 0.356 6.236 0.010 0.803 -0.993
0.816 1.202 0.910 0.370 6.235 0.010 0.815 -0.994
0.828 1.211 0.913 0.384 6.234 0.010 0.827 -0.994
0.840 1.220 0.917 0.399 6.233 0.010 0.840 -0.995
0.852 1.229 0.922 0.413 6.232 0.010 0.852 -0.995
0.865 1.238 0.926 0.428 6.231 0.010 0.864 -0.996
0.877 1.248 0.930 0.442 6.230 0.010 0.877 -0.997
0.890 1.257 0.935 0.456 6.228 0.010 0.889 -0.997
0.902 1.266 0.940 0.471 6.227 0.010 0.902 -0.998
0.915 1.276 0.944 0.485 6.226 0.010 0.915 -0.999
0.928 1.285 0.949 0.500 6.225 0.010 0.928 -1.000
0.941 1.295 0.955 0.514 6.224 0.010 0.940 -1.000
0.954 1.304 0.960 0.529 6.223 0.010 0.953 -1.001
0.967 1.314 0.965 0.543 6.222 0.010 0.967 -1.002
0.980 1.324 0.971 0.557 6.220 0.010 0.980 -1.003
0.994 1.334 0.977 0.572 6.219 0.010 0.993 -1.004
1.007 1.343 0.982 0.586 6.218 0.010 1.007 -1.004
1.021 1.353 0.988 0.600 6.217 0.010 1.020 -1.005
1.034 1.363 0.995 0.614 6.216 0.010 1.034 -1.006
1.048 1.373 1.001 0.628 6.215 0.010 1.047 -1.007
1.062 1.383 1.007 0.642 6.213 0.010 1.061 -1.008
1.076 1.393 1.014 0.655 6.212 0.010 1.075 -1.009
1.090 1.404 1.021 0.669 6.211 0.010 1.089 -1.010
1.104 1.414 1.027 0.682 6.210 0.010 1.103 -1.011
1.118 1.424 1.034 0.696 6.209 0.010 1.117 -1.012
1.132 1.435 1.041 0.709 6.208 0.010 1.132 -1.013
1.147 1.445 1.049 0.722 6.207 0.010 1.146 -1.014
1.162 1.456 1.056 0.735 6.205 0.010 1.161 -1.016
1.176 1.466 1.063 0.747 6.204 0.010 1.175 -1.017
1.191 1.477 1.071 0.760 6.203 0.010 1.190 -1.018
1.206 1.488 1.079 0.772 6.202 0.010 1.205 -1.019
1.221 1.499 1.087 0.784 6.201 0.010 1.220 -1.020
1.236 1.510 1.095 0.796 6.200 0.010 1.235 -1.022
1.251 1.521 1.103 0.808 6.199 0.010 1.250 -1.023
1.266 1.532 1.111 0.819 6.198 0.010 1.265 -1.024
1.282 1.543 1.119 0.830 6.197 0.010 1.281 -1.025
1.297 1.554 1.128 0.841 6.196 0.010 1.296 -1.027
1.313 1.566 1.136 0.852 6.195 0.010 1.312 -1.028
1.329 1.577 1.145 0.862 6.194 0.010 1.327 -1.030
1.345 1.589 1.153 0.873 6.193 0.010 1.343 -1.031
1.361 1.600 1.162 0.883 6.192 0.010 1.359 -1.032
1.377 1.612 1.171 0.892 6.191 0.010 1.375 -1.034
1.393 1.624 1.180 0.902 6.190 0.010 1.391 -1.035
1.409 1.636 1.189 0.911 6.189 0.010 1.408 -1.037
1.426 1.648 1.198 0.919 6.188 0.010 1.424 -1.039
1.443 1.660 1.208 0.928 6.187 0.010 1.440 -1.040
1.459 1.672 1.217 0.936 6.186 0.010 1.457 -1.042
1.476 1.684 1.227 0.944 6.185 0.010 1.474 -1.043
1.493 1.697 1.236 0.951 6.184 0.010 1.491 -1.045
1.510 1.709 1.246 0.958 6.184 0.010 1.508 -1.047
1.527 1.722 1.255 0.965 6.183 0.010 1.525 -1.048
1.545 1.734 1.265 0.972 6.182 0.010 1.542 -1.050
1.562 1.747 1.275 0.978 6.181 0.010 1.560 -1.052
1.580 1.760 1.285 0.983 6.181 0.010 1.577 -1.054
1.597 1.773 1.295 0.989 6.180 0.010 1.595 -1.056
1.615 1.786 1.304 0.994 6.180 0.010 1.612 -1.057
1.633 1.799 1.314 0.998 6.179 0.010 1.630 -1.059
1.651 1.812 1.324 1.003 6.178 0.010 1.648 -1.061
1.670 1.825 1.335 1.006 6.178 0.010 1.667 -1.063
1.688 1.839 1.345 1.010 6.177 0.010 1.685 -1.065
1.707 1.852 1.355 1.013 6.177 0.010 1.703 -1.067
1.725 1.866 1.365 1.015 6.177 0.010 1.722 -1.069
1.744 1.880 1.375 1.017 6.176 0.010 1.740 -1.071
1.763 1.894 1.385 1.019 6.176 0.010 1.759 -1.073
1.782 1.908 1.395 1.020 6.176 0.010 1.778 -1.075
1.801 1.922 1.406 1.020 6.175 0.010 1.797 -1.077
1.821 1.936 1.416 1.021 6.175 0.010 1.817 -1.079
1.840 1.950 1.426 1.020 6.175 0.010 1.836 -1.081
1.860 1.965 1.436 1.019 6.175 0.010 1.856 -1.083
1.880 1.979 1.446 1.018 6.175 0.010 1.875 -1.086
1.900 1.994 1.457 1.016 6.175 0.010 1.895 -1.088
1.920 2.008 1.467 1.013 6.175 0.010 1.915 -1.090
1.940 2.023 1.477 1.009 6.175 0.010 1.935 -1.092
1.960 2.038 1.487 1.006 6.175 0.010 1.955 -1.094
1.981 2.053 1.497 1.001 6.175 0.010 1.976 -1.096
2.001 2.068 1.507 0.996 6.175 0.010 1.996 -1.099
2.022 2.083 1.517 0.989 6.176 0.010 2.017 -1.101
2.043 2.098 1.527 0.983 6.176 0.010 2.038 -1.103
2.064 2.114 1.536 0.975 6.176 0.010 2.059 -1.105
2.086 2.129 1.546 0.967 6.177 0.010 2.080 -1.108
2.107 2.145 1.556 0.957 6.177 0.010 2.101 -1.110
2.129 2.160 1.565 0.947 6.178 0.010 2.123 -1.112
2.150 2.176 1.574 0.936 6.179 0.010 2.145 -1.115
2.172 2.192 1.584 0.924 6.179 0.010 2.166 -1.117
2.194 2.208 1.593 0.911 6.180 0.010 2.188 -1.119
2.217 2.224 1.602 0.897 6.181 0.010 2.210 -1.121
2.239 2.240 1.611 0.882 6.182 0.010 2.233 -1.124
2.262 2.256 1.619 0.866 6.183 0.010 2.255 -1.126
2.284 2.272 1.628 0.848 6.184 0.010 2.278 -1.128
2.307 2.289 1.636 0.829 6.185 0.010 2.301 -1.130
2.330 2.305 1.644 0.809 6.186 0.010 2.323 -1.133
2.354 2.322 1.652 0.788 6.187 0.010 2.347 -1.135
2.377 2.338 1.660 0.765 6.188 0.010 2.370 -1.137
2.401 2.355 1.667 0.741 6.190 0.010 2.393 -1.139
2.424 2.372 1.674 0.715 6.191 0.010 2.417 -1.142
2.448 2.389 1.681 0.688 6.192 0.010 2.441 -1.144
2.472 2.405 1.688 0.659 6.194 0.010 2.465 -1.146
2.496 2.422 1.694 0.628 6.196 0.010 2.489 -1.148
2.521 2.439 1.700 0.595 6.197 0.010 2.513 -1.150
2.545 2.456 1.705 0.561 6.199 0.010 2.538 -1.152
2.570 2.474 1.711 0.524 6.201 0.010 2.562 -1.154
2.595 2.491 1.716 0.486 6.203 0.010 2.587 -1.156
2.620 2.508 1.720 0.445 6.205 0.010 2.612 -1.158
2.645 2.525 1.724 0.403 6.207 0.010 2.637 -1.160
2.671 2.542 1.728 0.358 6.209 0.010 2.663 -1.162
2.696 2.560 1.731 0.311 6.211 0.010 2.688 -1.164
2.722 2.577 1.733 0.261 6.213 0.010 2.714 -1.166
2.748 2.594 1.735 0.209 6.216 0.010 2.740 -1.168
2.774 2.612 1.737 0.155 6.218 0.010 2.766 -1.169
2.800 2.629 1.738 0.098 6.221 0.010 2.792 -1.171
2.827 2.647 1.738 0.038 6.223 0.010 2.818 -1.173
2.854 2.664 1.738 -0.024 6.226 0.010 2.845 -1.174
2.880 2.681 1.737 -0.089 6.228 0.010 2.872 -1.176
2.907 2.699 1.736 -0.156 6.231 0.010 2.899 -1.177
2.935 2.716 1.733 -0.227 6.234 0.010 2.926 -1.179
2.962 2.733 1.730 -0.300 6.237 0.010 2.953 -1.180
2.989 2.751 1.727 -0.377 6.240 0.010 2.981 -1.181
3.017 2.768 1.722 -0.456 6.243 0.010 3.008 -1.182
3.045 2.785 1.717 -0.538 6.246 0.010 3.036 -1.183
3.073 2.802 1.710 -0.623 6.250 0.010 3.064 -1.184
3.101 2.819 1.703 -0.711 6.253 0.010 3.092 -1.185
3.129 2.836 1.695 -0.802 6.256 0.010 3.121 -1.186
3.158 2.853 1.686 -0.895 6.260 0.010 3.149 -1.187
3.187 2.870 1.676 -0.992 6.263 0.010 3.178 -1.187
3.216 2.886 1.666 -1.092 6.267 0.010 3.207 -1.188
3.245 2.903 1.654 -1.194 6.271 0.010 3.236 -1.188
3.274 2.919 1.641 -1.299 6.274 0.010 3.265 -1.189
3.303 2.936 1.627 -1.407 6.278 0.010 3.294 -1.189
3.333 2.952 1.611 -1.517 6.282 0.010 3.324 -1.189
3.362 2.968 1.595 -1.630 0.003 0.010 3.353 -1.189
3.392 2.983 1.578 -1.746 0.007 0.010 3.383 -1.189
3.422 2.999 1.559 -1.863 0.011 0.010 3.413 -1.189
3.452 3.014 1.539 -1.983 0.015 0.010 3.443 -1.188
3.483 3.030 1.518 -2.105 0.019 0.010 3.474 -1.188
3.513 3.045 1.496 -2.229 0.023 0.010 3.504 -1.187
3.544 3.059 1.472 -2.354 0.027 0.010 3.535 -1.186
3.574 3.074 1.447 -2.481 0.032 0.010 3.565 -1.185
3.605 3.088 1.421 -2.610 0.036 0.010 3.596 -1.184
3.636 3.102 1.394 -2.739 0.040 0.010 3.627 -1.183
3.667 3.116 1.365 -2.870 0.045 0.010 3.658 -1.182
3.699 3.129 1.335 -3.001 0.049 0.010 3.690 -1.180
3.730 3.142 1.304 -3.133 0.054 0.010 3.721 -1.179
3.762 3.155 1.271 -3.266 0.058 0.010 3.753 -1.177
3.793 3.167 1.237 -3.398 0.063 0.010 3.784 -1.175
3.825 3.179 1.202 -3.531 0.067 0.010 3.816 -1.173
3.857 3.191 1.165 -3.664 0.072 0.010 3.848 -1.171
3.889 3.202 1.127 -3.797 0.076 0.010 3.880 -1.168
3.921 3.213 1.088 -3.929 0.081 0.010 3.912 -1.166
3.953 3.223 1.047 -4.060 0.085 0.010 3.944 -1.163
3.986 3.233 1.006 -4.191 0.090 0.010 3.976 -1.160
4.018 3.243 0.962 -4.321 0.095 0.010 4.008 -1.157
4.051 3.252 0.918 -4.450 0.099 0.010 4.041 -1.154
4.083 3.261 0.872 -4.578 0.104 0.010 4.073 -1.151
4.116 3.269 0.825 -4.706 0.108 0.010 4.106 -1.147
4.149 3.277 0.777 -4.832 0.113 0.010 4.138 -1.144
4.182 3.284 0.727 -4.957 0.117 0.010 4.171 -1.140
4.215 3.291 0.676 -5.082 0.122 0.010 4.204 -1.136
4.247 3.297 0.624 -5.205 0.126 0.010 4.236 -1.132
4.281 3.303 0.571 -5.328 0.131 0.010 4.269 -1.128
4.314 3.308 0.516 -5.451 0.135 0.010 4.302 -1.123
4.347 3.313 0.461 -5.573 0.139 0.010 4.335 -1.119
4.380 3.317 0.404 -5.696 0.143 0.010 4.367 -1.114
4.413 3.320 0.346 -5.819 0.148 0.010 4.400 -1.109
4.446 3.323 0.286 -5.942 0.152 0.010 4.433 -1.104
4.480 3.325 0.225 -6.067 0.156 0.010 4.466 -1.099
4.513 3.327 0.164 -6.194 0.160 0.010 4.499 -1.094
4.546 3.328 0.100 -6.323 0.163 0.010 4.532 -1.089
4.579 3.328 0.036 -6.455 0.167 0.010 4.565 -1.083
4.613 3.328 -0.030 -6.590 0.171 0.010 4.597 -1.078
4.646 3.327 -0.097 -6.729 0.174 0.010 4.630 -1.072
4.679 3.325 -0.166 -6.874 0.178 0.010 4.663 -1.066
4.712 3.323 -0.236 -7.024 0.181 0.010 4.696 -1.060
4.746 3.320 -0.308 -7.181 0.184 0.010 4.728 -1.054
4.779 3.316 -0.382 -7.345 0.187 0.010 4.761 -1.048
4.812 3.311 -0.457 -7.519 0.190 0.010 4.793 -1.042
4.845 3.306 -0.534 -7.701 0.193 0.010 4.826 -1.036
4.878 3.300 -0.613 -7.895 0.195 0.010 4.858 -1.029
4.911 3.293 -0.694 -8.101 0.197 0.010 4.890 -1.023
4.944 3.285 -0.777 -8.319 0.200 0.010 4.923 -1.016
4.977 3.277 -0.863 -8.552 0.202 0.010 4.955 -1.010
5.009 3.267 -0.951 -8.801 0.203 0.010 4.987 -1.003
5.042 3.257 -1.041 -9.067 0.205 0.010 5.019 -0.997
5.074 3.245 -1.135 -9.351 0.206 0.010 5.050 -0.990
5.107 3.233 -1.231 -9.656 0.207 0.010 5.082 -0.983
5.139 3.220 -1.331 -9.981 0.208 0.010 5.114 -0.977
5.171 3.205 -1.434 -10.330 0.209 0.010 5.145 -0.970
5.203 3.190 -1.541 -10.702 0.209 0.010 5.176 -0.963
5.234 3.173 -1.696 -15.435 0.209 0.010 5.207 -0.957
5.266 3.118 -5.506 -381.051 0.209 0.010 5.238 -0.950
5.296 3.041 -7.723 -221.715 0.207 0.010 5.267 -0.944
5.326 2.966 -7.469 25.487 0.205 0.010 5.296 -0.938
5.355 2.892 -7.447 2.119 0.202 0.010 5.325 -0.932
5.383 2.814 -7.778 -33.082 0.198 0.010 5.352 -0.927
5.410 2.733 -8.055 -27.659 0.193 0.010 5.379 -0.921
5.437 2.653 -7.995 5.950 0.188 0.010 5.405 -0.916
5.462 2.576 -7.719 27.667 0.182 0.010 5.431 -0.912
5.487 2.502 -7.386 33.253 0.175 0.010 5.455 -0.907
5.512 2.432 -7.061 32.506 0.168 0.010 5.479 -0.903
5.535 2.364 -6.741 31.969 0.160 0.010 5.502 -0.899
5.558 2.300 -6.425 31.614 0.151 0.010 5.525 -0.896
5.581 2.239 -6.111 31.417 0.142 0.010 5.547 -0.892
5.603 2.181 -5.798 31.348 0.132 0.010 5.569 -0.889
5.624 2.126 -5.484 31.381 0.122 0.010 5.590 -0.887
5.645 2.074 -5.169 31.489 0.112 0.010 5.611 -0.884
5.665 2.026 -4.852 31.643 0.101 0.010 5.631 -0.882
5.685 1.981 -4.534 31.818 0.090 0.010 5.651 -0.880
5.704 1.938 -4.214 31.987 0.078 0.010 5.670 -0.878
5.723 1.899 -3.893 32.125 0.067 0.010 5.689 -0.877
5.742 1.864 -3.571 32.211 0.054 0.010 5.707 -0.876
5.760 1.831 -3.249 32.222 0.042 0.010 5.726 -0.875
5.778 1.802 -2.927 32.142 0.030 0.010 5.744 -0.874
5.796 1.776 -2.608 31.954 0.017 0.010 5.761 -0.874
5.813 1.753 -2.291 31.648 0.004 0.010 5.779 -0.874
5.831 1.733 -1.979 31.213 6.274 0.010 5.796 -0.874
5.848 1.716 -1.673 30.647 6.262 0.010 5.813 -0.874
5.865 1.703 -1.373 29.946 6.248 0.010 5.830 -0.875
5.882 1.692 -1.082 29.113 6.235 0.010 5.847 -0.875
5.899 1.684 -0.801 28.155 6.222 0.010 5.864 -0.876
5.915 1.679 -0.530 27.078 6.210 0.010 5.881 -0.877
5.932 1.676 -0.271 25.893 6.197 0.010 5.898 -0.879
5.949 1.676 -0.025 24.615 6.184 0.010 5.914 -0.880
5.966 1.678 0.208 23.257 6.171 0.010 5.931 -0.882
5.982 1.682 0.426 21.836 6.159 0.010 5.948 -0.884
5.999 1.688 0.630 20.367 6.146 0.010 5.964 -0.886
6.016 1.696 0.819 18.867 6.134 0.010 5.981 -0.889
6.033 1.706 0.992 17.352 6.122 0.010 5.998 -0.891
6.051 1.718 1.150 15.839 6.111 0.010 6.015 -0.894
6.068 1.731 1.294 14.341 6.099 0.010 6.032 -0.897
6.085 1.745 1.423 12.871 6.088 0.010 6.049 -0.900
6.103 1.760 1.537 11.442 6.077 0.010 6.066 -0.904
6.121 1.777 1.638 10.063 6.066 0.010 6.084 -0.908
6.139 1.794 1.725 8.744 6.056 0.010 6.101 -0.912
6.157 1.812 1.800 7.490 6.045 0.010 6.119 -0.916
6.175 1.831 1.863 6.308 6.036 0.010 6.137 -0.920
6.194 1.850 1.915 5.200 6.026 0.010 6.155 -0.925
6.212 1.869 1.957 4.170 6.017 0.010 6.173 -0.930
6.231 1.889 1.989 3.218 6.008 0.010 6.191 -0.935
6.250 1.909 2.012 2.345 5.999 0.010 6.209 -0.940
6.270 1.930 2.028 1.550 5.991 0.010 6.228 -0.946
6.289 1.950 2.036 0.830 5.983 0.010 6.246 -0.951
6.309 1.970 2.038 0.183 5.975 0.010 6.265 -0.957
6.329 1.991 2.034 -0.393 5.968 0.010 6.284 -0.963
6.349 2.011 2.025 -0.903 5.960 0.010 6.303 -0.970
6.369 2.031 2.012 -1.349 5.954 0.010 6.322 -0.976
6.390 2.051 1.994 -1.736 5.947 0.010 6.342 -0.983
6.410 2.071 1.973 -2.068 5.941 0.010 6.361 -0.990
6.431 2.090 1.950 -2.349 5.935 0.010 6.381 -0.997
6.452 2.110 1.924 -2.583 5.929 0.010 6.401 -1.004
6.474 2.129 1.896 -2.773 5.924 0.010 6.421 -1.011
6.495 2.147 1.867 -2.924 5.919 0.010 6.441 -1.019
6.517 2.166 1.837 -3.040 5.914 0.010 6.461 -1.027
6.539 2.184 1.806 -3.123 5.910 0.010 6.481 -1.035
6.561 2.201 1.774 -3.176 5.906 0.010 6.502 -1.043
6.583 2.219 1.742 -3.204 5.902 0.010 6.523 -1.051
6.605 2.236 1.710 -3.209 5.898 0.010 6.543 -1.059
6.628 2.253 1.678 -3.194 5.895 0.010 6.564 -1.068
6.650 2.269 1.646 -3.160 5.892 0.010 6.585 -1.076
6.673 2.285 1.615 -3.112 5.889 0.010 6.606 -1.085
6.696 2.301 1.585 -3.049 5.887 0.010 6.628 -1.094
6.719 2.317 1.555 -2.975 5.885 0.010 6.649 -1.103
6.743 2.332 1.526 -2.892 5.883 0.010 6.670 -1.112
6.766 2.347 1.498 -2.800 5.881 0.010 6.692 -1.121
6.790 2.362 1.471 -2.702 5.879 0.010 6.714 -1.131
6.813 2.376 1.445 -2.598 5.878 0.010 6.736 -1.140
6.837 2.390 1.420 -2.490 5.877 0.010 6.758 -1.149
6.861 2.404 1.396 -2.380 5.876 0.010 6.780 -1.159
6.886 2.418 1.373 -2.267 5.876 0.010 6.802 -1.168
6.910 2.431 1.352 -2.154 5.876 0.010 6.824 -1.178
6.934 2.445 1.332 -2.040 5.875 0.010 6.847 -1.188
6.959 2.458 1.312 -1.927 5.876 0.010 6.869 -1.197
6.984 2.471 1.294 -1.816 5.876 0.010 6.892 -1.207
7.008 2.484 1.277 -1.706 5.877 0.010 6.915 -1.217
7.033 2.496 1.261 -1.599 5.878 0.010 6.938 -1.227
7.059 2.509 1.246 -1.496 5.879 0.010 6.961 -1.237
7.084 2.521 1.232 -1.396 5.880 0.010 6.984 -1.247
7.109 2.533 1.219 -1.301 5.882 0.010 7.007 -1.257
7.135 2.545 1.207 -1.211 5.884 0.010 7.031 -1.267
7.160 2.557 1.196 -1.126 5.886 0.010 7.054 -1.276
7.186 2.569 1.185 -1.047 5.888 0.010 7.078 -1.286
7.212 2.581 1.176 -0.974 5.890 0.010 7.102 -1.296
7.238 2.593 1.166 -0.908 5.893 0.010 7.126 -1.306
7.264 2.604 1.158 -0.849 5.896 0.010 7.150 -1.316
7.290 2.616 1.150 -0.799 5.899 0.010 7.174 -1.326
7.316 2.627 1.142 -0.756 5.903 0.010 7.198 -1.336
7.342 2.638 1.135 -0.722 5.906 0.010 7.223 -1.345
7.369 2.650 1.128 -0.697 5.910 0.010 7.247 -1.355
7.395 2.661 1.121 -0.681 5.914 0.010 7.272 -1.365
7.422 2.672 1.115 -0.676 5.918 0.010 7.297 -1.374
7.449 2.683 1.108 -0.681 5.923 0.010 7.322 -1.384
7.476 2.694 1.101 -0.697 5.927 0.010 7.348 -1.393
7.503 2.705 1.094 -0.724 5.932 0.010 7.373 -1.403
7.530 2.716 1.086 -0.763 5.937 0.010 7.398 -1.412
7.557 2.727 1.078 -0.815 5.942 0.010 7.424 -1.421
7.585 2.737 1.069 -0.879 5.948 0.010 7.450 -1.430
7.612 2.748 1.060 -0.955 5.954 0.010 7.476 -1.439
7.640 2.758 1.049 -1.045 5.960 0.010 7.502 -1.448
7.668 2.769 1.038 -1.149 5.966 0.010 7.528 -1.457
7.695 2.779 1.025 -1.266 5.972 0.010 7.555 -1.465
7.723 2.789 1.011 -1.397 5.979 0.010 7.581 -1.474
7.751 2.799 0.996 -1.542 5.985 0.010 7.608 -1.482
7.779 2.809 0.979 -1.702 5.992 0.010 7.635 -1.490
7.808 2.819 0.960 -1.875 5.999 0.010 7.662 -1.498
7.836 2.828 0.939 -2.063 6.007 0.010 7.689 -1.506
7.864 2.837 0.917 -2.264 6.014 0.010 7.716 -1.514
7.893 2.846 0.892 -2.478 6.022 0.010 7.744 -1.521
7.921 2.855 0.865 -2.706 6.030 0.010 7.772 -1.528
7.950 2.863 0.835 -2.946 6.038 0.010 7.799 -1.536
7.979 2.871 0.803 -3.197 6.046 0.010 7.827 -1.542
8.007 2.879 0.769 -3.459 6.055 0.010 7.855 -1.549
8.036 2.886 0.731 -3.731 6.064 0.010 7.883 -1.555
8.065 2.893 0.691 -4.011 6.072 0.010 7.912 -1.562
8.094 2.899 0.648 -4.299 6.081 0.010 7.940 -1.568
8.123 2.905 0.602 -4.593 6.091 0.010 7.968 -1.573
8.152 2.911 0.553 -4.890 6.100 0.010 7.997 -1.579
8.181 2.916 0.502 -5.190 6.109 0.010 8.026 -1.584
8.211 2.920 0.447 -5.492 6.119 0.010 8.055 -1.589
8.240 2.924 0.389 -5.791 6.129 0.010 8.083 -1.593
8.269 2.928 0.328 -6.087 6.139 0.010 8.112 -1.598
8.298 2.930 0.264 -6.378 6.149 0.010 8.141 -1.602
8.328 2.932 0.197 -6.660 6.159 0.010 8.170 -1.606
8.357 2.934 0.128 -6.933 6.169 0.010 8.200 -1.609
8.386 2.934 0.056 -7.193 6.179 0.010 8.229 -1.612
8.416 2.934 -0.018 -7.439 6.190 0.010 8.258 -1.615
8.445 2.933 -0.095 -7.668 6.200 0.010 8.287 -1.618
8.474 2.931 -0.174 -7.878 6.211 0.010 8.316 -1.620
8.504 2.929 -0.254 -8.067 6.222 0.010 8.346 -1.622
8.533 2.925 -0.337 -8.234 6.233 0.010 8.375 -1.624
8.562 2.921 -0.420 -8.376 6.243 0.010 8.404 -1.625
8.591 2.916 -0.505 -8.492 6.254 0.010 8.433 -1.626
8.620 2.910 -0.591 -8.581 6.265 0.010 8.462 -1.627
8.649 2.903 -0.678 -8.642 6.276 0.010 8.491 -1.627
8.678 2.896 -0.764 -8.674 0.004 0.010 8.520 -1.627
8.707 2.887 -0.851 -8.677 0.015 0.010 8.549 -1.627
8.736 2.878 -0.938 -8.649 0.026 0.010 8.578 -1.626
8.765 2.868 -1.024 -8.593 0.037 0.010 8.607 -1.625
8.793 2.857 -1.109 -8.506 0.048 0.010 8.635 -1.624
8.822 2.845 -1.193 -8.392 0.059 0.010 8.663 -1.623
8.850 2.832 -1.275 -8.250 0.070 0.010 8.692 -1.621
8.878 2.818 -1.356 -8.081 0.081 0.010 8.720 -1.619
8.906 2.804 -1.435 -7.887 0.092 0.010 8.748 -1.616
8.934 2.789 -1.511 -7.669 0.103 0.010 8.776 -1.613
8.962 2.773 -1.586 -7.430 0.113 0.010 8.803 -1.610
8.990 2.756 -1.657 -7.170 0.124 0.010 8.830 -1.607
9.017 2.739 -1.726 -6.893 0.135 0.010 8.858 -1.604
9.044 2.721 -1.792 -6.600 0.145 0.010 8.885 -1.600
9.071 2.703 -1.855 -6.294 0.156 0.010 8.911 -1.596
9.098 2.684 -1.915 -5.976 0.166 0.010 8.938 -1.591
9.125 2.664 -1.971 -5.649 0.176 0.010 8.964 -1.587
9.151 2.644 -2.025 -5.316 0.187 0.010 8.990 -1.582
9.177 2.623 -2.074 -4.978 0.197 0.010 9.016 -1.577
9.203 2.602 -2.121 -4.636 0.207 0.010 9.041 -1.572
9.229 2.580 -2.164 -4.295 0.216 0.010 9.066 -1.567
9.255 2.558 -2.203 -3.954 0.226 0.010 9.091 -1.561
9.280 2.536 -2.239 -3.617 0.236 0.010 9.116 -1.555
9.305 2.513 -2.272 -3.284 0.245 0.010 9.141 -1.549
9.330 2.490 -2.302 -2.957 0.254 0.010 9.165 -1.543
9.355 2.467 -2.328 -2.637 0.263 0.010 9.189 -1.537
9.379 2.443 -2.352 -2.326 0.272 0.010 9.212 -1.530
9.403 2.419 -2.372 -2.025 0.281 0.010 9.235 -1.524
9.427 2.395 -2.389 -1.733 0.290 0.010 9.258 -1.517
9.451 2.371 -2.404 -1.453 0.299 0.010 9.281 -1.510
9.474 2.347 -2.415 -1.184 0.307 0.010 9.303 -1.503
9.498 2.323 -2.425 -0.928 0.315 0.010 9.326 -1.496
9.521 2.299 -2.432 -0.684 0.324 0.010 9.347 -1.489
9.543 2.274 -2.436 -0.453 0.332 0.010 9.369 -1.481
9.566 2.250 -2.438 -0.235 0.340 0.010 9.390 -1.474
9.588 2.225 -2.439 -0.029 0.347 0.010 9.411 -1.466
9.610 2.201 -2.437 0.164 0.355 0.010 9.432 -1.459
9.632 2.177 -2.434 0.344 0.362 0.010 9.452 -1.451
9.653 2.152 -2.429 0.512 0.369 0.010 9.472 -1.444
9.675 2.128 -2.422 0.668 0.377 0.010 9.492 -1.436
9.696 2.104 -2.414 0.813 0.384 0.010 9.512 -1.428
9.717 2.080 -2.404 0.945 0.390 0.010 9.531 -1.420
9.737 2.056 -2.394 1.068 0.397 0.010 9.550 -1.412
9.758 2.032 -2.382 1.179 0.404 0.010 9.569 -1.404
9.778 2.009 -2.369 1.280 0.410 0.010 9.587 -1.396
9.797 1.985 -2.355 1.372 0.416 0.010 9.605 -1.388
9.817 1.962 -2.341 1.454 0.423 0.010 9.623 -1.380
9.836 1.938 -2.325 1.528 0.429 0.010 9.641 -1.372
9.856 1.915 -2.310 1.594 0.434 0.010 9.658 -1.364
9.875 1.892 -2.293 1.652 0.440 0.010 9.675 -1.356
9.893 1.870 -2.276 1.702 0.446 0.010 9.692 -1.348
9.912 1.847 -2.259 1.746 0.451 0.010 9.709 -1.340
9.930 1.825 -2.241 1.784 0.457 0.010 9.725 -1.332
9.948 1.802 -2.223 1.815 0.462 0.010 9.741 -1.324
9.966 1.780 -2.204 1.841 0.467 0.010 9.757 -1.316
9.983 1.759 -2.186 1.862 0.472 0.010 9.773 -1.308
10.001 1.737 -2.167 1.878 0.477 0.010 9.788 -1.300
10.018 1.715 -2.148 1.891 0.482 0.010 9.804 -1.293
10.035 1.694 -2.129 1.898 0.486 0.010 9.819 -1.285
10.052 1.673 -2.110 1.902 0.491 0.010 9.833 -1.277
10.068 1.652 -2.091 1.903 0.495 0.010 9.848 -1.269
10.084 1.631 -2.072 1.901 0.499 0.010 9.862 -1.261
10.100 1.611 -2.053 1.896 0.504 0.010 9.876 -1.253
10.116 1.591 -2.034 1.889 0.508 0.010 9.890 -1.246
10.132 1.570 -2.015 1.879 0.512 0.010 9.904 -1.238
10.148 1.550 -1.996 1.867 0.516 0.010 9.918 -1.230
10.163 1.531 -1.978 1.854 0.519 0.010 9.931 -1.223
10.178 1.511 -1.960 1.839 0.523 0.010 9.944 -1.215
10.193 1.492 -1.941 1.822 0.527 0.010 9.957 -1.208
10.208 1.472 -1.923 1.804 0.530 0.010 9.970 -1.200
10.222 1.453 -1.905 1.785 0.534 0.010 9.982 -1.193
10.237 1.434 -1.888 1.765 0.537 0.010 9.994 -1.186
10.251 1.416 -1.870 1.745 0.540 0.010 10.007 -1.179
10.265 1.397 -1.853 1.723 0.543 0.010 10.019 -1.171
10.278 1.379 -1.836 1.701 0.546 0.010 10.030 -1.164
10.292 1.361 -1.819 1.679 0.549 0.010 10.042 -1.157
10.305 1.343 -1.803 1.656 0.552 0.010 10.053 -1.150
10.319 1.325 -1.786 1.633 0.555 0.010 10.065 -1.143
10.332 1.307 -1.770 1.610 0.558 0.010 10.076 -1.136
10.345 1.290 -1.754 1.587 0.560 0.010 10.087 -1.129
10.357 1.272 -1.739 1.563 0.563 0.010 10.098 -1.123
10.370 1.255 -1.723 1.540 0.565 0.010 10.108 -1.116
10.382 1.238 -1.708 1.517 0.568 0.010 10.119 -1.109
10.395 1.221 -1.693 1.493 0.570 0.010 10.129 -1.103
10.407 1.204 -1.679 1.470 0.572 0.010 10.139 -1.096
10.418 1.187 -1.664 1.447 0.575 0.010 10.149 -1.090
10.430 1.171 -1.650 1.425 0.577 0.010 10.159 -1.083
10.442 1.155 -1.636 1.402 0.579 0.010 10.168 -1.077
10.453 1.138 -1.622 1.380 0.581 0.010 10.178 -1.071
10.464 1.122 -1.608 1.358 0.583 0.010 10.187 -1.065
10.475 1.106 -1.595 1.337 0.585 0.010 10.197 -1.059
10.486 1.091 -1.582 1.316 0.586 0.010 10.206 -1.053
10.497 1.075 -1.569 1.295 0.588 0.010 10.215 -1.047
10.508 1.059 -1.556 1.274 0.590 0.010 10.223 -1.041
10.518 1.044 -1.544 1.254 0.592 0.010 10.232 -1.035
10.528 1.029 -1.531 1.234 0.593 0.010 10.241 -1.029
10.538 1.013 -1.519 1.215 0.595 0.010 10.249 -1.023
10.548 0.998 -1.507 1.196 0.596 0.010 10.257 -1.018
10.558 0.983 -1.495 1.177 0.598 0.010 10.265 -1.012
10.568 0.968 -1.484 1.159 0.599 0.010 10.273 -1.007
10.578 0.954 -1.472 1.141 0.601 0.010 10.281 -1.001
10.587 0.939 -1.461 1.123 0.602 0.010 10.289 -0.996
10.596 0.925 -1.450 1.106 0.603 0.010 10.297 -0.991
10.605 0.910 -1.439 1.089 0.604 0.010 10.304 -0.986
10.614 0.896 -1.429 1.073 0.605 0.010 10.312 -0.981
10.623 0.882 -1.418 1.056 0.607 0.010 10.319 -0.976
10.632 0.868 -1.408 1.040 0.608 0.010 10.326 -0.971
10.640 0.854 -1.397 1.025 0.609 0.010 10.333 -0.966
10.649 0.840 -1.387 1.009 0.610 0.010 10.340 -0.961
10.657 0.826 -1.377 0.994 0.611 0.010 10.347 -0.956
10.665 0.812 -1.368 0.980 0.612 0.010 10.353 -0.952
10.673 0.799 -1.358 0.965 0.613 0.010 10.360 -0.947
10.681 0.785 -1.348 0.951 0.613 0.010 10.366 -0.943
10.689 0.772 -1.339 0.937 0.614 0.010 10.372 -0.938
10.696 0.759 -1.330 0.923 0.615 0.010 10.379 -0.934
10.704 0.745 -1.321 0.910 0.616 0.010 10.385 -0.929
10.711 0.732 -1.312 0.896 0.616 0.010 10.391 -0.925
10.718 0.719 -1.303 0.883 0.617 0.010 10.397 -0.921
10.725 0.706 -1.294 0.870 0.618 0.010 10.402 -0.917
10.732 0.693 -1.286 0.858 0.618 0.010 10.408 -0.913
10.739 0.681 -1.277 0.845 0.619 0.010 10.414 -0.909
10.746 0.668 -1.269 0.833 0.620 0.010 10.419 -0.905
10.752 0.655 -1.261 0.820 0.620 0.010 10.424 -0.901
10.759 0.643 -1.253 0.808 0.621 0.010 10.430 -0.898
10.765 0.630 -1.245 0.796 0.621 0.010 10.435 -0.894
10.771 0.618 -1.237 0.784 0.622 0.010 10.440 -0.890
10.777 0.606 -1.229 0.772 0.622 0.010 10.445 -0.887
10.783 0.594 -1.221 0.760 0.623 0.010 10.449 -0.883
10.789 0.581 -1.214 0.749 0.623 0.010 10.454 -0.880
10.795 0.569 -1.207 0.737 0.623 0.010 10.459 -0.877
10.800 0.557 -1.199 0.725 0.624 0.010 10.463 -0.873
10.806 0.545 -1.192 0.713 0.624 0.010 10.468 -0.870
10.811 0.534 -1.185 0.702 0.624 0.010 10.472 -0.867
10.816 0.522 -1.178 0.690 0.625 0.010 10.476 -0.864
10.821 0.510 -1.171 0.678 0.625 0.010 10.480 -0.861
10.826 0.498 -1.165 0.667 0.625 0.010 10.485 -0.858
10.831 0.487 -1.158 0.655 0.625 0.010 10.488 -0.855
10.836 0.475 -1.152 0.644 0.626 0.010 10.492 -0.852
10.841 0.464 -1.145 0.632 0.626 0.010 10.496 -0.850
10.845 0.453 -1.139 0.620 0.626 0.010 10.500 -0.847
10.849 0.441 -1.133 0.608 0.626 0.010 10.503 -0.844
10.854 0.430 -1.127 0.596 0.627 0.010 10.507 -0.842
10.858 0.419 -1.121 0.584 0.627 0.010 10.510 -0.839
10.862 0.408 -1.116 0.572 0.627 0.010 10.513 -0.837
10.866 0.396 -1.110 0.560 0.627 0.010 10.517 -0.835
10.870 0.385 -1.105 0.548 0.627 0.010 10.520 -0.832
10.874 0.374 -1.099 0.536 0.627 0.010 10.523 -0.830
10.877 0.363 -1.094 0.523 0.627 0.010 10.526 -0.828
10.881 0.353 -1.089 0.511 0.627 0.010 10.529 -0.826
10.884 0.342 -1.084 0.498 0.628 0.010 10.531 -0.824
10.888 0.331 -1.079 0.485 0.628 0.010 10.534 -0.822
10.891 0.320 -1.074 0.472 0.628 0.010 10.537 -0.820
10.894 0.310 -1.070 0.459 0.628 0.010 10.539 -0.818
10.897 0.299 -1.065 0.446 0.628 0.010 10.542 -0.817
10.900 0.288 -1.061 0.433 0.628 0.010 10.544 -0.815
10.902 0.278 -1.057 0.420 0.628 0.010 10.546 -0.813
10.905 0.267 -1.053 0.406 0.628 0.010 10.548 -0.812
10.908 0.257 -1.049 0.393 0.628 0.010 10.550 -0.810
10.910 0.246 -1.045 0.379 0.628 0.010 10.552 -0.809
10.913 0.236 -1.041 0.365 0.628 0.010 10.554 -0.807
10.915 0.225 -1.038 0.351 0.628 0.010 10.556 -0.806
10.917 0.215 -1.034 0.337 0.628 0.010 10.558 -0.805
10.919 0.205 -1.031 0.323 0.628 0.010 10.560 -0.804
10.921 0.194 -1.028 0.309 0.628 0.010 10.561 -0.803
10.923 0.184 -1.025 0.294 0.628 0.010 10.563 -0.801
10.924 0.174 -1.022 0.280 0.628 0.010 10.564 -0.800
10.926 0.164 -1.020 0.265 0.628 0.010 10.565 -0.799
10.928 0.154 -1.017 0.250 0.628 0.010 10.567 -0.799
10.929 0.143 -1.015 0.236 0.628 0.010 10.568 -0.798
10.930 0.133 -1.013 0.221 0.628 0.010 10.569 -0.797
10.932 0.123 -1.011 0.206 0.628 0.010 10.570 -0.796
10.933 0.113 -1.009 0.191 0.628 0.010 10.571 -0.796
10.934 0.103 -1.007 0.175 0.628 0.010 10.572 -0.795
10.935 0.093 -1.005 0.160 0.628 0.010 10.572 -0.794
10.936 0.083 -1.004 0.145 0.628 0.010 10.573 -0.794
10.936 0.073 -1.003 0.129 0.628 0.010 10.574 -0.793
10.937 0.063 -1.001 0.114 0.628 0.010 10.574 -0.793
10.937 0.053 -1.000 0.098 0.628 0.010 10.575 -0.793
10.938 0.043 -1.000 0.083 0.628 0.010 10.575 -0.793
10.938 0.033 -0.999 0.067 0.628 0.010 10.575 -0.792
10.938 0.023 -0.998 0.052 0.628 0.010 10.575 -0.792
10.939 0.013 -0.998 0.036 0.628 0.010 10.575 -0.792
10.939 0.005 -0.824 17.392 0.628 0.010 10.575 -0.792
10.939 0.001 -0.401 42.324 0.628 0.010 10.575 -0.792
10.939 0.000 -0.076 32.521 0.628 0.010 10.575 -0.792
